{"producer":{"name":"Blender","version":"2.93.5","exporter_version":"2.93.5","file":"idle.babylon"},
"autoClear":true,"clearColor":[0.0509,0.0509,0.0509],"gravity":[0,-9.81,0],
"skeletons":[{"name":"Armature.004","id":0,"dimensionsAtRest":[145.6055,201.6318,28.3303],"bones":[
{"name":"root","index":0,"matrix":[0.01,0,0,0,0,0.01,0.0002,0,0,0.0002,-0.01,0,0,0,0,1],"rest":[0.01,0,0,0,0,0.01,0.0002,0,0,0.0002,-0.01,0,0,0,0,1],"parentBoneIndex":-1,"length":115.7181
,"animation":
{"name":"anim","property":"_matrix","dataType":3,"framePerSecond":30,"loopBehavior":1,"keys":[
{"frame":1,"values":[0.01,0,0,0,0,0.01,0.0002,0,0,0.0002,-0.01,0,0,0,0,1]},
{"frame":31,"values":[0.01,0,0,0,0,0.01,0.0002,0,0,0.0002,-0.01,0,0,0,0,1]}]}},
{"name":"pelvis_x","index":1,"matrix":[0.9923,-0.1234,-0.0066,0,0.1229,0.9795,0.1596,0,-0.0132,-0.1592,0.9871,0,0.5008,114.7054,-10.6878,1],"rest":[1,0,0,0,0,0.9873,0.1587,0,0,-0.1587,0.9873,0,0,115.7181,0,1],"parentBoneIndex":0,"length":4.08
,"animation":
{"name":"anim","property":"_matrix","dataType":3,"framePerSecond":30,"loopBehavior":1,"keys":[
{"frame":1,"values":[0.9923,-0.1234,-0.0066,0,0.1229,0.9795,0.1596,0,-0.0132,-0.1592,0.9871,0,0.5008,114.7054,-10.6878,1]},
{"frame":10,"values":[0.9923,-0.1234,-0.0066,0,0.1229,0.9795,0.1596,0,-0.0132,-0.1592,0.9871,0,0.5008,114.7055,-10.6878,1]},
{"frame":12,"values":[0.9923,-0.1234,-0.0066,0,0.1229,0.9795,0.1596,0,-0.0132,-0.1592,0.9871,0,0.5008,114.7054,-10.6878,1]},
{"frame":31,"values":[0.9923,-0.1234,-0.0066,0,0.1229,0.9795,0.1596,0,-0.0132,-0.1592,0.9871,0,0.5008,114.7054,-10.6878,1]}]}},
{"name":"spine_01_x","index":2,"matrix":[0.9997,-0.0263,0,0,0.0261,0.9905,-0.1352,0,0.0036,0.1351,0.9909,0,0.0006,12.2394,0.0002,1],"rest":[1,0.0009,0.0066,0,0,0.9908,-0.1356,0,-0.0066,0.1356,0.9907,0,0.0002,12.2395,0.0002,1],"parentBoneIndex":1,"length":12.1199
,"animation":
{"name":"anim","property":"_matrix","dataType":3,"framePerSecond":30,"loopBehavior":1,"keys":[
{"frame":1,"values":[0.9997,-0.0263,0,0,0.0261,0.9905,-0.1352,0,0.0036,0.1351,0.9909,0,0.0006,12.2394,0.0002,1]},
{"frame":10,"values":[0.9997,-0.0263,0,0,0.0261,0.9905,-0.1352,0,0.0036,0.1351,0.9909,0,0.0006,12.2393,0.0002,1]},
{"frame":12,"values":[0.9997,-0.0263,0,0,0.0261,0.9905,-0.1352,0,0.0036,0.1351,0.9909,0,0.0006,12.2394,0.0002,1]},
{"frame":31,"values":[0.9997,-0.0263,0,0,0.0261,0.9905,-0.1352,0,0.0036,0.1351,0.9909,0,0.0006,12.2394,0.0002,1]}]}},
{"name":"spine_02_x","index":3,"matrix":[0.9742,0.2228,-0.0357,0,-0.2251,0.9706,-0.0853,0,0.0157,0.0911,0.9957,0,0.0002,12.1195,-0.0002,1],"rest":[1,0,-0.0066,0,-0.0006,0.9958,-0.0919,0,0.0066,0.0919,0.9957,0,0,12.1197,0,1],"parentBoneIndex":2,"length":12.1676
,"animation":
{"name":"anim","property":"_matrix","dataType":3,"framePerSecond":30,"loopBehavior":1,"keys":[
{"frame":1,"values":[0.9742,0.2228,-0.0357,0,-0.2251,0.9706,-0.0853,0,0.0157,0.0911,0.9957,0,0.0002,12.1196,-0.0002,1]},
{"frame":22,"values":[0.9742,0.2228,-0.0357,0,-0.2251,0.9706,-0.0853,0,0.0157,0.0911,0.9957,0,0.0002,12.1195,-0.0002,1]},
{"frame":31,"values":[0.9742,0.2228,-0.0357,0,-0.2251,0.9706,-0.0853,0,0.0157,0.0911,0.9957,0,0.0002,12.1195,-0.0002,1]}]}},
{"name":"c_chest_l","index":4,"matrix":[-0.5404,0,-0.8413,0,0,1,0,0,0.8414,0,-0.5404,0,-0.0004,12.1664,0,1],"rest":[-0.5404,0,-0.8414,0,0,1,0,0,0.8414,0,-0.5404,0,-0.0001,12.1671,0,1],"parentBoneIndex":3,"length":12.1677
,"animation":
{"name":"anim","property":"_matrix","dataType":3,"framePerSecond":30,"loopBehavior":1,"keys":[
{"frame":1,"values":[-0.5404,0,-0.8413,0,0,1,0,0,0.8414,0,-0.5404,0,-0.0004,12.1663,0,1]},
{"frame":22,"values":[-0.5404,0,-0.8413,0,0,1,0,0,0.8414,0,-0.5404,0,-0.0004,12.1664,0,1]},
{"frame":31,"values":[-0.5404,0,-0.8413,0,0,1,0,0,0.8414,0,-0.5404,0,-0.0004,12.1664,0,1]}]}},
{"name":"c_chest_r","index":5,"matrix":[-0.5404,0,0.8414,0,0,1,0,0,-0.8414,0,-0.5404,0,-0.0002,12.1664,-0.0001,1],"rest":[-0.5404,0,0.8414,0,0,1,0,0,-0.8414,0,-0.5404,0,0.0001,12.1671,0,1],"parentBoneIndex":3,"length":12.1677
,"animation":
{"name":"anim","property":"_matrix","dataType":3,"framePerSecond":30,"loopBehavior":1,"keys":[
{"frame":1,"values":[-0.5404,0,0.8414,0,0,1,0,0,-0.8414,0,-0.5404,0,-0.0002,12.1663,0,1]},
{"frame":5,"values":[-0.5404,0,0.8414,0,0,1,0,0,-0.8414,0,-0.5404,0,-0.0002,12.1663,-0.0001,1]},
{"frame":8,"values":[-0.5404,0,0.8414,0,0,1,0,0,-0.8414,0,-0.5404,0,-0.0002,12.1663,0,1]},
{"frame":9,"values":[-0.5404,0,0.8414,0,0,1,0,0,-0.8414,0,-0.5404,0,-0.0002,12.1663,-0.0001,1]},
{"frame":22,"values":[-0.5404,0,0.8414,0,0,1,0,0,-0.8414,0,-0.5404,0,-0.0002,12.1664,-0.0001,1]},
{"frame":31,"values":[-0.5404,0,0.8414,0,0,1,0,0,-0.8414,0,-0.5404,0,-0.0002,12.1664,-0.0001,1]}]}},
{"name":"spine_03_x","index":6,"matrix":[1,0,0,0,0,0.9907,0.135,0,0,-0.135,0.9909,0,-0.0003,12.1663,0.0001,1],"rest":[1,0,0,0,0,0.9908,0.135,0,0,-0.135,0.9908,0,0,12.167,0.0001,1],"parentBoneIndex":3,"length":9.7036
,"animation":
{"name":"anim","property":"_matrix","dataType":3,"framePerSecond":30,"loopBehavior":1,"keys":[
{"frame":1,"values":[1,0,0,0,0,0.9907,0.135,0,0,-0.135,0.9909,0,-0.0003,12.1663,0.0001,1]},
{"frame":17,"values":[1,0,0,0,0,0.9907,0.135,0,0,-0.135,0.9909,0,-0.0003,12.1663,0,1]},
{"frame":18,"values":[1,0,0,0,0,0.9907,0.135,0,0,-0.135,0.9909,0,-0.0003,12.1663,0.0001,1]},
{"frame":23,"values":[1,0,0,0,0,0.9907,0.135,0,0,-0.135,0.9909,0,-0.0003,12.1664,0,1]},
{"frame":24,"values":[1,0,0,0,0,0.9907,0.135,0,0,-0.135,0.9909,0,-0.0003,12.1663,0.0001,1]},
{"frame":31,"values":[1,0,0,0,0,0.9907,0.135,0,0,-0.135,0.9909,0,-0.0003,12.1663,0.0001,1]}]}},
{"name":"neck_x","index":7,"matrix":[0.9992,-0.0373,-0.0117,0,0.0375,0.9991,0.0192,0,0.011,-0.0197,0.9997,0,-0.0002,11.9714,-3.4325,1],"rest":[0.9999,0.0003,-0.0135,0,0,0.9998,0.0191,0,0.0135,-0.0191,0.9997,0,0,11.9708,-3.4325,1],"parentBoneIndex":6,"length":13.3716
,"animation":
{"name":"anim","property":"_matrix","dataType":3,"framePerSecond":30,"loopBehavior":1,"keys":[
{"frame":1,"values":[0.9992,-0.0373,-0.0117,0,0.0375,0.9991,0.0192,0,0.011,-0.0197,0.9997,0,-0.0002,11.9714,-3.4325,1]},
{"frame":8,"values":[0.9992,-0.0373,-0.0117,0,0.0375,0.9991,0.0192,0,0.011,-0.0197,0.9997,0,-0.0003,11.9711,-3.4325,1]},
{"frame":9,"values":[0.9992,-0.0373,-0.0117,0,0.0375,0.9991,0.0192,0,0.011,-0.0197,0.9997,0,-0.0002,11.9714,-3.4325,1]},
{"frame":10,"values":[0.9992,-0.0373,-0.0117,0,0.0375,0.9991,0.0192,0,0.011,-0.0197,0.9997,0,-0.0002,11.9716,-3.4326,1]},
{"frame":11,"values":[0.9992,-0.0373,-0.0117,0,0.0375,0.9991,0.0192,0,0.011,-0.0197,0.9997,0,-0.0002,11.9714,-3.4325,1]},
{"frame":13,"values":[0.9992,-0.0373,-0.0117,0,0.0375,0.9991,0.0192,0,0.011,-0.0197,0.9997,0,-0.0002,11.9712,-3.4325,1]},
{"frame":14,"values":[0.9992,-0.0373,-0.0117,0,0.0375,0.9991,0.0192,0,0.011,-0.0197,0.9997,0,-0.0002,11.9714,-3.4325,1]},
{"frame":17,"values":[0.9992,-0.0373,-0.0117,0,0.0375,0.9991,0.0192,0,0.011,-0.0197,0.9997,0,-0.0002,11.9714,-3.4324,1]},
{"frame":18,"values":[0.9992,-0.0373,-0.0117,0,0.0375,0.9991,0.0192,0,0.011,-0.0197,0.9997,0,-0.0003,11.9711,-3.4325,1]},
{"frame":20,"values":[0.9992,-0.0373,-0.0117,0,0.0375,0.9991,0.0192,0,0.011,-0.0197,0.9997,0,-0.0002,11.9714,-3.4325,1]},
{"frame":23,"values":[0.9992,-0.0373,-0.0117,0,0.0375,0.9991,0.0192,0,0.011,-0.0197,0.9997,0,-0.0002,11.9714,-3.4324,1]},
{"frame":24,"values":[0.9992,-0.0373,-0.0117,0,0.0375,0.9991,0.0192,0,0.011,-0.0197,0.9997,0,-0.0002,11.9714,-3.4325,1]},
{"frame":25,"values":[0.9992,-0.0373,-0.0117,0,0.0375,0.9991,0.0192,0,0.011,-0.0197,0.9997,0,-0.0002,11.9714,-3.4326,1]},
{"frame":27,"values":[0.9992,-0.0373,-0.0117,0,0.0375,0.9991,0.0192,0,0.011,-0.0197,0.9997,0,-0.0002,11.9714,-3.4325,1]},
{"frame":31,"values":[0.9992,-0.0373,-0.0117,0,0.0375,0.9991,0.0192,0,0.011,-0.0197,0.9997,0,-0.0002,11.9714,-3.4325,1]}]}},
{"name":"head_x","index":8,"matrix":[0.9992,-0.0375,0.016,0,0.0387,0.9956,-0.0854,0,-0.0128,0.0859,0.9963,0,0.0002,13.3727,0.0006,1],"rest":[0.9999,0,0.0136,0,0.0012,0.9963,-0.086,0,-0.0135,0.086,0.9962,0,0,13.3722,0,1],"parentBoneIndex":7,"length":1.7855
,"animation":
{"name":"anim","property":"_matrix","dataType":3,"framePerSecond":30,"loopBehavior":1,"keys":[
{"frame":1,"values":[0.9992,-0.0375,0.016,0,0.0387,0.9956,-0.0854,0,-0.0128,0.0859,0.9963,0,0.0002,13.3727,0.0006,1]},
{"frame":8,"values":[0.9992,-0.0375,0.016,0,0.0387,0.9956,-0.0854,0,-0.0128,0.0859,0.9963,0,0.0003,13.3727,0.0006,1]},
{"frame":9,"values":[0.9992,-0.0375,0.016,0,0.0387,0.9956,-0.0854,0,-0.0128,0.0859,0.9963,0,0.0002,13.3727,0.0006,1]},
{"frame":10,"values":[0.9992,-0.0375,0.016,0,0.0387,0.9956,-0.0854,0,-0.0128,0.0859,0.9963,0,0.0002,13.3727,0.0007,1]},
{"frame":11,"values":[0.9992,-0.0375,0.016,0,0.0387,0.9956,-0.0854,0,-0.0128,0.0859,0.9963,0,0.0002,13.3727,0.0006,1]},
{"frame":25,"values":[0.9992,-0.0375,0.016,0,0.0387,0.9956,-0.0854,0,-0.0128,0.0859,0.9963,0,0.0002,13.3727,0.0007,1]},
{"frame":27,"values":[0.9992,-0.0375,0.016,0,0.0387,0.9956,-0.0854,0,-0.0128,0.0859,0.9963,0,0.0002,13.3727,0.0006,1]},
{"frame":31,"values":[0.9992,-0.0375,0.016,0,0.0387,0.9956,-0.0854,0,-0.0128,0.0859,0.9963,0,0.0002,13.3727,0.0006,1]}]}},
{"name":"c_cheak_l","index":9,"matrix":[-0.9263,0.0021,-0.3768,0,0.0013,1,0.0023,0,0.3768,0.0016,-0.9262,0,0,-0.0001,0.0001,1],"rest":[-0.9263,0.0021,-0.3768,0,0.0013,1,0.0023,0,0.3768,0.0016,-0.9263,0,0,-0.0001,0.0002,1],"parentBoneIndex":8,"length":1.7842
,"animation":
{"name":"anim","property":"_matrix","dataType":3,"framePerSecond":30,"loopBehavior":1,"keys":[
{"frame":1,"values":[-0.9263,0.0021,-0.3768,0,0.0013,1,0.0023,0,0.3768,0.0016,-0.9262,0,0.0001,-0.0001,0.0001,1]},
{"frame":4,"values":[-0.9263,0.0021,-0.3768,0,0.0013,1,0.0023,0,0.3768,0.0016,-0.9262,0,0,-0.0001,0.0001,1]},
{"frame":5,"values":[-0.9263,0.0021,-0.3768,0,0.0013,1,0.0023,0,0.3768,0.0016,-0.9262,0,0.0001,-0.0001,0.0001,1]},
{"frame":6,"values":[-0.9263,0.0021,-0.3768,0,0.0013,1,0.0023,0,0.3768,0.0016,-0.9262,0,0,-0.0001,0.0001,1]},
{"frame":7,"values":[-0.9263,0.0021,-0.3768,0,0.0013,1,0.0023,0,0.3768,0.0016,-0.9262,0,0.0001,-0.0001,0.0001,1]},
{"frame":8,"values":[-0.9263,0.0021,-0.3768,0,0.0013,1,0.0023,0,0.3768,0.0016,-0.9262,0,0,-0.0001,0.0001,1]},
{"frame":9,"values":[-0.9263,0.0021,-0.3768,0,0.0013,1,0.0023,0,0.3768,0.0016,-0.9262,0,0.0001,-0.0001,0.0001,1]},
{"frame":10,"values":[-0.9263,0.0021,-0.3768,0,0.0013,1,0.0023,0,0.3768,0.0016,-0.9262,0,0,-0.0001,0.0001,1]},
{"frame":31,"values":[-0.9263,0.0021,-0.3768,0,0.0013,1,0.0023,0,0.3768,0.0016,-0.9262,0,0,-0.0001,0.0001,1]}]}},
{"name":"c_cheak_r","index":10,"matrix":[-0.9262,-0.0021,0.377,0,-0.0013,1,0.0023,0,-0.3769,0.0016,-0.9262,0,0,-0.0001,0.0001,1],"rest":[-0.9262,-0.0021,0.377,0,-0.0013,1,0.0023,0,-0.377,0.0016,-0.9262,0,0,-0.0001,0.0002,1],"parentBoneIndex":8,"length":1.7842
,"animation":
{"name":"anim","property":"_matrix","dataType":3,"framePerSecond":30,"loopBehavior":1,"keys":[
{"frame":1,"values":[-0.9262,-0.0021,0.377,0,-0.0013,1,0.0023,0,-0.3769,0.0016,-0.9262,0,0.0001,-0.0001,0.0001,1]},
{"frame":4,"values":[-0.9262,-0.0021,0.377,0,-0.0013,1,0.0023,0,-0.3769,0.0016,-0.9262,0,0,-0.0001,0.0001,1]},
{"frame":5,"values":[-0.9262,-0.0021,0.377,0,-0.0013,1,0.0023,0,-0.3769,0.0016,-0.9262,0,0.0001,-0.0001,0.0001,1]},
{"frame":6,"values":[-0.9262,-0.0021,0.377,0,-0.0013,1,0.0023,0,-0.3769,0.0016,-0.9262,0,0,-0.0001,0.0001,1]},
{"frame":7,"values":[-0.9262,-0.0021,0.377,0,-0.0013,1,0.0023,0,-0.3769,0.0016,-0.9262,0,0.0001,-0.0001,0.0001,1]},
{"frame":8,"values":[-0.9262,-0.0021,0.377,0,-0.0013,1,0.0023,0,-0.3769,0.0016,-0.9262,0,0,-0.0001,0.0001,1]},
{"frame":9,"values":[-0.9262,-0.0021,0.377,0,-0.0013,1,0.0023,0,-0.3769,0.0016,-0.9262,0,0.0001,-0.0001,0.0001,1]},
{"frame":10,"values":[-0.9262,-0.0021,0.377,0,-0.0013,1,0.0023,0,-0.3769,0.0016,-0.9262,0,0,-0.0001,0.0001,1]},
{"frame":31,"values":[-0.9262,-0.0021,0.377,0,-0.0013,1,0.0023,0,-0.3769,0.0016,-0.9262,0,0,-0.0001,0.0001,1]}]}},
{"name":"c_eye_root_l","index":11,"matrix":[0.8965,-0.242,-0.3708,0,0.4427,0.4775,0.7589,0,-0.0066,-0.8446,0.5353,0,0,-0.0001,0.0001,1],"rest":[0.8966,-0.242,-0.3708,0,0.4428,0.4775,0.7589,0,-0.0066,-0.8446,0.5353,0,0,-0.0001,0.0001,1],"parentBoneIndex":8,"length":12.1847
,"animation":
{"name":"anim","property":"_matrix","dataType":3,"framePerSecond":30,"loopBehavior":1,"keys":[
{"frame":1,"values":[0.8965,-0.242,-0.3708,0,0.4427,0.4775,0.7589,0,-0.0066,-0.8446,0.5353,0,0.0001,-0.0001,0.0001,1]},
{"frame":4,"values":[0.8965,-0.242,-0.3708,0,0.4427,0.4775,0.7589,0,-0.0066,-0.8446,0.5353,0,0,-0.0001,0.0001,1]},
{"frame":5,"values":[0.8965,-0.242,-0.3708,0,0.4427,0.4775,0.7589,0,-0.0066,-0.8446,0.5353,0,0.0001,-0.0001,0.0001,1]},
{"frame":6,"values":[0.8965,-0.242,-0.3708,0,0.4427,0.4775,0.7589,0,-0.0066,-0.8446,0.5353,0,0,-0.0001,0.0001,1]},
{"frame":7,"values":[0.8965,-0.242,-0.3708,0,0.4427,0.4775,0.7589,0,-0.0066,-0.8446,0.5353,0,0.0001,-0.0001,0.0001,1]},
{"frame":8,"values":[0.8965,-0.242,-0.3708,0,0.4427,0.4775,0.7589,0,-0.0066,-0.8446,0.5353,0,0,-0.0001,0.0001,1]},
{"frame":9,"values":[0.8965,-0.242,-0.3708,0,0.4427,0.4775,0.7589,0,-0.0066,-0.8446,0.5353,0,0.0001,-0.0001,0.0001,1]},
{"frame":10,"values":[0.8965,-0.242,-0.3708,0,0.4427,0.4775,0.7589,0,-0.0066,-0.8446,0.5353,0,0,-0.0001,0.0001,1]},
{"frame":31,"values":[0.8965,-0.242,-0.3708,0,0.4427,0.4775,0.7589,0,-0.0066,-0.8446,0.5353,0,0,-0.0001,0.0001,1]}]}},
{"name":"c_eye_l","index":12,"matrix":[0.562,0,-0.8271,0,0,1,0,0,0.8272,0,0.562,0,0.0003,12.186,0.0003,1],"rest":[0.562,0,-0.8271,0,0,1,0,0,0.8271,0,0.562,0,-0.0001,12.1853,0.0002,1],"parentBoneIndex":11,"length":12.1846
,"animation":
{"name":"anim","property":"_matrix","dataType":3,"framePerSecond":30,"loopBehavior":1,"keys":[
{"frame":1,"values":[0.562,0,-0.8271,0,0,1,0,0,0.8272,0,0.562,0,0.0002,12.186,0.0003,1]},
{"frame":4,"values":[0.562,0,-0.8271,0,0,1,0,0,0.8272,0,0.562,0,0.0003,12.186,0.0003,1]},
{"frame":5,"values":[0.562,0,-0.8271,0,0,1,0,0,0.8272,0,0.562,0,0.0002,12.186,0.0003,1]},
{"frame":6,"values":[0.562,0,-0.8271,0,0,1,0,0,0.8272,0,0.562,0,0.0003,12.186,0.0003,1]},
{"frame":7,"values":[0.562,0,-0.8271,0,0,1,0,0,0.8272,0,0.562,0,0.0002,12.186,0.0003,1]},
{"frame":8,"values":[0.562,0,-0.8271,0,0,1,0,0,0.8272,0,0.562,0,0.0003,12.1859,0.0001,1]},
{"frame":9,"values":[0.562,0,-0.8271,0,0,1,0,0,0.8272,0,0.562,0,0.0002,12.186,0.0003,1]},
{"frame":10,"values":[0.562,0,-0.8271,0,0,1,0,0,0.8272,0,0.562,0,0.0003,12.186,0.0003,1]},
{"frame":11,"values":[0.562,0,-0.8271,0,0,1,0,0,0.8272,0,0.562,0,0.0003,12.1861,0.0002,1]},
{"frame":13,"values":[0.562,0,-0.8271,0,0,1,0,0,0.8272,0,0.562,0,0.0004,12.186,0.0002,1]},
{"frame":14,"values":[0.562,0,-0.8271,0,0,1,0,0,0.8272,0,0.562,0,0.0003,12.1861,0.0002,1]},
{"frame":17,"values":[0.562,0,-0.8271,0,0,1,0,0,0.8272,0,0.562,0,0.0003,12.186,0.0003,1]},
{"frame":18,"values":[0.562,0,-0.8271,0,0,1,0,0,0.8272,0,0.562,0,0.0003,12.186,0.0002,1]},
{"frame":20,"values":[0.562,0,-0.8271,0,0,1,0,0,0.8272,0,0.562,0,0.0003,12.1861,0.0002,1]},
{"frame":22,"values":[0.562,0,-0.8271,0,0,1,0,0,0.8272,0,0.562,0,0.0003,12.186,0.0003,1]},
{"frame":31,"values":[0.562,0,-0.8271,0,0,1,0,0,0.8272,0,0.562,0,0.0003,12.186,0.0003,1]}]}},
{"name":"c_eyelid_01_l","index":13,"matrix":[-0.2658,0,-0.9641,0,0,1,0,0,0.9641,0,-0.2658,0,0.0003,12.1862,0.0003,1],"rest":[-0.2658,0,-0.964,0,0,1,0,0,0.964,0,-0.2658,0,0,12.1856,-0.0003,1],"parentBoneIndex":11,"length":12.1849
,"animation":
{"name":"anim","property":"_matrix","dataType":3,"framePerSecond":30,"loopBehavior":1,"keys":[
{"frame":1,"values":[-0.2658,0,-0.9641,0,0,1,0,0,0.9641,0,-0.2658,0,0.0003,12.1861,0.0002,1]},
{"frame":4,"values":[-0.2658,0,-0.9641,0,0,1,0,0,0.9641,0,-0.2658,0,0.0003,12.1862,0.0003,1]},
{"frame":5,"values":[-0.2658,0,-0.9641,0,0,1,0,0,0.9641,0,-0.2658,0,0.0003,12.1861,0.0002,1]},
{"frame":6,"values":[-0.2658,0,-0.9641,0,0,1,0,0,0.9641,0,-0.2658,0,0.0004,12.1861,0.0002,1]},
{"frame":7,"values":[-0.2658,0,-0.9641,0,0,1,0,0,0.9641,0,-0.2658,0,0.0003,12.1861,0.0002,1]},
{"frame":8,"values":[-0.2658,0,-0.9641,0,0,1,0,0,0.9641,0,-0.2658,0,0.0003,12.1861,0.0001,1]},
{"frame":9,"values":[-0.2658,0,-0.9641,0,0,1,0,0,0.9641,0,-0.2658,0,0.0003,12.1861,0.0002,1]},
{"frame":10,"values":[-0.2658,0,-0.9641,0,0,1,0,0,0.9641,0,-0.2658,0,0.0003,12.1862,0.0002,1]},
{"frame":11,"values":[-0.2658,0,-0.9641,0,0,1,0,0,0.9641,0,-0.2658,0,0.0003,12.1862,0.0001,1]},
{"frame":12,"values":[-0.2658,0,-0.9641,0,0,1,0,0,0.9641,0,-0.2658,0,0.0003,12.1862,0.0002,1]},
{"frame":13,"values":[-0.2658,0,-0.9641,0,0,1,0,0,0.9641,0,-0.2658,0,0.0004,12.1862,0.0001,1]},
{"frame":14,"values":[-0.2658,0,-0.9641,0,0,1,0,0,0.9641,0,-0.2658,0,0.0003,12.1862,0.0002,1]},
{"frame":17,"values":[-0.2658,0,-0.9641,0,0,1,0,0,0.9641,0,-0.2658,0,0.0003,12.1862,0.0003,1]},
{"frame":18,"values":[-0.2658,0,-0.9641,0,0,1,0,0,0.9641,0,-0.2658,0,0.0004,12.1862,0.0001,1]},
{"frame":20,"values":[-0.2658,0,-0.9641,0,0,1,0,0,0.9641,0,-0.2658,0,0.0003,12.1862,0.0002,1]},
{"frame":22,"values":[-0.2658,0,-0.9641,0,0,1,0,0,0.9641,0,-0.2658,0,0.0003,12.1862,0.0003,1]},
{"frame":25,"values":[-0.2658,0,-0.9641,0,0,1,0,0,0.9641,0,-0.2658,0,0.0003,12.1862,0.0002,1]},
{"frame":27,"values":[-0.2658,0,-0.9641,0,0,1,0,0,0.9641,0,-0.2658,0,0.0003,12.1862,0.0003,1]},
{"frame":31,"values":[-0.2658,0,-0.9641,0,0,1,0,0,0.9641,0,-0.2658,0,0.0003,12.1862,0.0003,1]}]}},
{"name":"c_eyelid_02_l","index":14,"matrix":[-0.8792,0,-0.4763,0,0,1,0,0,0.4764,0,-0.8793,0,0.0003,12.1861,0.0002,1],"rest":[-0.8793,0,-0.4764,0,0,1,0,0,0.4764,0,-0.8793,0,0,12.1853,-0.0001,1],"parentBoneIndex":11,"length":12.1846
,"animation":
{"name":"anim","property":"_matrix","dataType":3,"framePerSecond":30,"loopBehavior":1,"keys":[
{"frame":1,"values":[-0.8792,0,-0.4763,0,0,1,0,0,0.4764,0,-0.8793,0,0.0002,12.186,0.0002,1]},
{"frame":4,"values":[-0.8792,0,-0.4763,0,0,1,0,0,0.4764,0,-0.8793,0,0.0003,12.1861,0.0002,1]},
{"frame":5,"values":[-0.8792,0,-0.4763,0,0,1,0,0,0.4764,0,-0.8793,0,0.0002,12.186,0.0002,1]},
{"frame":6,"values":[-0.8792,0,-0.4763,0,0,1,0,0,0.4764,0,-0.8793,0,0.0003,12.1861,0.0002,1]},
{"frame":7,"values":[-0.8792,0,-0.4763,0,0,1,0,0,0.4764,0,-0.8793,0,0.0002,12.186,0.0002,1]},
{"frame":8,"values":[-0.8792,0,-0.4763,0,0,1,0,0,0.4764,0,-0.8793,0,0.0002,12.186,0.0001,1]},
{"frame":9,"values":[-0.8792,0,-0.4763,0,0,1,0,0,0.4764,0,-0.8793,0,0.0002,12.186,0.0002,1]},
{"frame":10,"values":[-0.8792,0,-0.4763,0,0,1,0,0,0.4764,0,-0.8793,0,0.0003,12.1861,0.0002,1]},
{"frame":11,"values":[-0.8792,0,-0.4763,0,0,1,0,0,0.4764,0,-0.8793,0,0.0003,12.1861,0.0001,1]},
{"frame":13,"values":[-0.8792,0,-0.4763,0,0,1,0,0,0.4764,0,-0.8793,0,0.0003,12.186,0.0001,1]},
{"frame":14,"values":[-0.8792,0,-0.4763,0,0,1,0,0,0.4764,0,-0.8793,0,0.0003,12.1861,0.0001,1]},
{"frame":17,"values":[-0.8792,0,-0.4763,0,0,1,0,0,0.4764,0,-0.8793,0,0.0003,12.1861,0.0002,1]},
{"frame":18,"values":[-0.8792,0,-0.4763,0,0,1,0,0,0.4764,0,-0.8793,0,0.0003,12.186,0.0001,1]},
{"frame":20,"values":[-0.8792,0,-0.4763,0,0,1,0,0,0.4764,0,-0.8793,0,0.0003,12.1861,0.0001,1]},
{"frame":22,"values":[-0.8792,0,-0.4763,0,0,1,0,0,0.4764,0,-0.8793,0,0.0003,12.1861,0.0002,1]},
{"frame":31,"values":[-0.8792,0,-0.4763,0,0,1,0,0,0.4764,0,-0.8793,0,0.0003,12.1861,0.0002,1]}]}},
{"name":"c_eyelid_03_l","index":15,"matrix":[0.2899,0,0.9571,0,0,1,0,0,-0.9571,0,0.2899,0,0.0003,12.186,0.0003,1],"rest":[0.2899,0,0.9571,0,0,1,0,0,-0.9571,0,0.2899,0,0,12.1854,0,1],"parentBoneIndex":11,"length":12.1847
,"animation":
{"name":"anim","property":"_matrix","dataType":3,"framePerSecond":30,"loopBehavior":1,"keys":[
{"frame":1,"values":[0.2899,0,0.9571,0,0,1,0,0,-0.9571,0,0.2899,0,0.0002,12.186,0.0002,1]},
{"frame":4,"values":[0.2899,0,0.9571,0,0,1,0,0,-0.9571,0,0.2899,0,0.0003,12.186,0.0003,1]},
{"frame":5,"values":[0.2899,0,0.9571,0,0,1,0,0,-0.9571,0,0.2899,0,0.0002,12.186,0.0002,1]},
{"frame":6,"values":[0.2899,0,0.9571,0,0,1,0,0,-0.9571,0,0.2899,0,0.0003,12.186,0.0003,1]},
{"frame":7,"values":[0.2899,0,0.9571,0,0,1,0,0,-0.9571,0,0.2899,0,0.0002,12.186,0.0002,1]},
{"frame":8,"values":[0.2899,0,0.9571,0,0,1,0,0,-0.9571,0,0.2899,0,0.0003,12.1859,0.0001,1]},
{"frame":9,"values":[0.2899,0,0.9571,0,0,1,0,0,-0.9571,0,0.2899,0,0.0002,12.186,0.0002,1]},
{"frame":10,"values":[0.2899,0,0.9571,0,0,1,0,0,-0.9571,0,0.2899,0,0.0003,12.186,0.0003,1]},
{"frame":11,"values":[0.2899,0,0.9571,0,0,1,0,0,-0.9571,0,0.2899,0,0.0003,12.1861,0.0002,1]},
{"frame":13,"values":[0.2899,0,0.9571,0,0,1,0,0,-0.9571,0,0.2899,0,0.0003,12.186,0.0002,1]},
{"frame":14,"values":[0.2899,0,0.9571,0,0,1,0,0,-0.9571,0,0.2899,0,0.0003,12.1861,0.0002,1]},
{"frame":17,"values":[0.2899,0,0.9571,0,0,1,0,0,-0.9571,0,0.2899,0,0.0003,12.186,0.0003,1]},
{"frame":18,"values":[0.2899,0,0.9571,0,0,1,0,0,-0.9571,0,0.2899,0,0.0003,12.186,0.0002,1]},
{"frame":20,"values":[0.2899,0,0.9571,0,0,1,0,0,-0.9571,0,0.2899,0,0.0003,12.1861,0.0002,1]},
{"frame":22,"values":[0.2899,0,0.9571,0,0,1,0,0,-0.9571,0,0.2899,0,0.0003,12.186,0.0003,1]},
{"frame":31,"values":[0.2899,0,0.9571,0,0,1,0,0,-0.9571,0,0.2899,0,0.0003,12.186,0.0003,1]}]}},
{"name":"c_eyelid_04_l","index":16,"matrix":[0.9266,0,-0.3762,0,0,1.0001,0,0,0.3762,0,0.9265,0,0.0003,12.186,0.0004,1],"rest":[0.9265,0,-0.3762,0,0,1,0,0,0.3762,0,0.9265,0,-0.0001,12.1855,0,1],"parentBoneIndex":11,"length":12.1857
,"animation":
{"name":"anim","property":"_matrix","dataType":3,"framePerSecond":30,"loopBehavior":1,"keys":[
{"frame":1,"values":[0.9266,0,-0.3762,0,0,1.0001,0,0,0.3762,0,0.9265,0,0.0002,12.186,0.0004,1]},
{"frame":4,"values":[0.9266,0,-0.3762,0,0,1.0001,0,0,0.3762,0,0.9265,0,0.0003,12.186,0.0004,1]},
{"frame":5,"values":[0.9266,0,-0.3762,0,0,1.0001,0,0,0.3762,0,0.9265,0,0.0002,12.186,0.0004,1]},
{"frame":6,"values":[0.9266,0,-0.3762,0,0,1.0001,0,0,0.3762,0,0.9265,0,0.0003,12.186,0.0004,1]},
{"frame":7,"values":[0.9266,0,-0.3762,0,0,1.0001,0,0,0.3762,0,0.9265,0,0.0002,12.186,0.0004,1]},
{"frame":8,"values":[0.9266,0,-0.3762,0,0,1,0,0,0.3762,0,0.9265,0,0.0002,12.186,0.0003,1]},
{"frame":9,"values":[0.9266,0,-0.3762,0,0,1.0001,0,0,0.3762,0,0.9265,0,0.0002,12.186,0.0004,1]},
{"frame":10,"values":[0.9266,0,-0.3762,0,0,1.0001,0,0,0.3762,0,0.9265,0,0.0003,12.186,0.0004,1]},
{"frame":11,"values":[0.9266,0,-0.3762,0,0,1.0001,0,0,0.3762,0,0.9265,0,0.0003,12.1861,0.0003,1]},
{"frame":13,"values":[0.9266,0,-0.3762,0,0,1.0001,0,0,0.3762,0,0.9265,0,0.0003,12.186,0.0003,1]},
{"frame":14,"values":[0.9266,0,-0.3762,0,0,1.0001,0,0,0.3762,0,0.9265,0,0.0003,12.1861,0.0003,1]},
{"frame":17,"values":[0.9266,0,-0.3762,0,0,1.0001,0,0,0.3762,0,0.9265,0,0.0003,12.186,0.0004,1]},
{"frame":18,"values":[0.9266,0,-0.3762,0,0,1.0001,0,0,0.3762,0,0.9265,0,0.0003,12.186,0.0003,1]},
{"frame":20,"values":[0.9266,0,-0.3762,0,0,1.0001,0,0,0.3762,0,0.9265,0,0.0003,12.1861,0.0003,1]},
{"frame":22,"values":[0.9266,0,-0.3762,0,0,1.0001,0,0,0.3762,0,0.9265,0,0.0003,12.186,0.0004,1]},
{"frame":31,"values":[0.9266,0,-0.3762,0,0,1.0001,0,0,0.3762,0,0.9265,0,0.0003,12.186,0.0004,1]}]}},
{"name":"c_eyelid_05_l","index":17,"matrix":[0.5295,0,-0.8484,0,0,1,0,0,0.8484,0,0.5294,0,0.0003,12.186,0.0003,1],"rest":[0.5294,0,-0.8484,0,0,1,0,0,0.8484,0,0.5294,0,0,12.1854,0,1],"parentBoneIndex":11,"length":12.1847
,"animation":
{"name":"anim","property":"_matrix","dataType":3,"framePerSecond":30,"loopBehavior":1,"keys":[
{"frame":1,"values":[0.5295,0,-0.8484,0,0,1,0,0,0.8484,0,0.5294,0,0.0002,12.186,0.0002,1]},
{"frame":4,"values":[0.5295,0,-0.8484,0,0,1,0,0,0.8484,0,0.5294,0,0.0003,12.186,0.0003,1]},
{"frame":5,"values":[0.5295,0,-0.8484,0,0,1,0,0,0.8484,0,0.5294,0,0.0002,12.186,0.0002,1]},
{"frame":6,"values":[0.5295,0,-0.8484,0,0,1,0,0,0.8484,0,0.5294,0,0.0003,12.186,0.0003,1]},
{"frame":7,"values":[0.5295,0,-0.8484,0,0,1,0,0,0.8484,0,0.5294,0,0.0002,12.186,0.0002,1]},
{"frame":8,"values":[0.5295,0,-0.8485,0,0,1,0,0,0.8484,0,0.5294,0,0.0003,12.1859,0.0001,1]},
{"frame":9,"values":[0.5295,0,-0.8484,0,0,1,0,0,0.8484,0,0.5294,0,0.0002,12.186,0.0002,1]},
{"frame":10,"values":[0.5295,0,-0.8484,0,0,1,0,0,0.8484,0,0.5294,0,0.0003,12.186,0.0003,1]},
{"frame":11,"values":[0.5295,0,-0.8484,0,0,1,0,0,0.8484,0,0.5294,0,0.0003,12.1861,0.0002,1]},
{"frame":13,"values":[0.5295,0,-0.8485,0,0,1,0,0,0.8484,0,0.5294,0,0.0003,12.186,0.0002,1]},
{"frame":14,"values":[0.5295,0,-0.8484,0,0,1,0,0,0.8484,0,0.5294,0,0.0003,12.1861,0.0002,1]},
{"frame":17,"values":[0.5295,0,-0.8484,0,0,1,0,0,0.8484,0,0.5294,0,0.0003,12.186,0.0003,1]},
{"frame":18,"values":[0.5295,0,-0.8485,0,0,1,0,0,0.8484,0,0.5294,0,0.0003,12.186,0.0002,1]},
{"frame":20,"values":[0.5295,0,-0.8484,0,0,1,0,0,0.8484,0,0.5294,0,0.0003,12.1861,0.0002,1]},
{"frame":22,"values":[0.5295,0,-0.8484,0,0,1,0,0,0.8484,0,0.5294,0,0.0003,12.186,0.0003,1]},
{"frame":31,"values":[0.5295,0,-0.8484,0,0,1,0,0,0.8484,0,0.5294,0,0.0003,12.186,0.0003,1]}]}},
{"name":"c_eyelid_06_l","index":18,"matrix":[-0.9812,0,-0.1934,0,0,1,0,0,0.1934,0,-0.9811,0,0.0003,12.1861,0.0003,1],"rest":[-0.9811,0,-0.1934,0,0,1,0,0,0.1934,0,-0.9811,0,0.0001,12.1855,0.0001,1],"parentBoneIndex":11,"length":12.1854
,"animation":
{"name":"anim","property":"_matrix","dataType":3,"framePerSecond":30,"loopBehavior":1,"keys":[
{"frame":1,"values":[-0.9812,0,-0.1934,0,0,1,0,0,0.1934,0,-0.9811,0,0.0002,12.186,0.0003,1]},
{"frame":4,"values":[-0.9812,0,-0.1934,0,0,1,0,0,0.1934,0,-0.9811,0,0.0003,12.1861,0.0003,1]},
{"frame":5,"values":[-0.9812,0,-0.1934,0,0,1,0,0,0.1934,0,-0.9811,0,0.0002,12.186,0.0003,1]},
{"frame":6,"values":[-0.9812,0,-0.1934,0,0,1,0,0,0.1934,0,-0.9811,0,0.0003,12.1861,0.0003,1]},
{"frame":7,"values":[-0.9812,0,-0.1934,0,0,1,0,0,0.1934,0,-0.9811,0,0.0002,12.186,0.0003,1]},
{"frame":8,"values":[-0.9812,0,-0.1934,0,0,1,0,0,0.1934,0,-0.9811,0,0.0002,12.186,0.0002,1]},
{"frame":9,"values":[-0.9812,0,-0.1934,0,0,1,0,0,0.1934,0,-0.9811,0,0.0002,12.186,0.0003,1]},
{"frame":10,"values":[-0.9812,0,-0.1934,0,0,1.0001,0,0,0.1934,0,-0.9811,0,0.0003,12.1861,0.0003,1]},
{"frame":11,"values":[-0.9812,0,-0.1934,0,0,1,0,0,0.1934,0,-0.9811,0,0.0003,12.1861,0.0002,1]},
{"frame":12,"values":[-0.9812,0,-0.1934,0,0,1,0,0,0.1934,0,-0.9811,0,0.0003,12.1861,0.0003,1]},
{"frame":13,"values":[-0.9812,0,-0.1934,0,0,1,0,0,0.1934,0,-0.9811,0,0.0003,12.1861,0.0002,1]},
{"frame":14,"values":[-0.9812,0,-0.1934,0,0,1,0,0,0.1934,0,-0.9811,0,0.0003,12.1861,0.0003,1]},
{"frame":18,"values":[-0.9812,0,-0.1934,0,0,1,0,0,0.1934,0,-0.9811,0,0.0003,12.1861,0.0002,1]},
{"frame":20,"values":[-0.9812,0,-0.1934,0,0,1.0001,0,0,0.1934,0,-0.9811,0,0.0003,12.1861,0.0003,1]},
{"frame":21,"values":[-0.9812,0,-0.1934,0,0,1,0,0,0.1934,0,-0.9811,0,0.0003,12.1861,0.0003,1]},
{"frame":25,"values":[-0.9812,0,-0.1934,0,0,1.0001,0,0,0.1934,0,-0.9811,0,0.0003,12.1861,0.0003,1]},
{"frame":27,"values":[-0.9812,0,-0.1934,0,0,1,0,0,0.1934,0,-0.9811,0,0.0003,12.1861,0.0003,1]},
{"frame":31,"values":[-0.9812,0,-0.1934,0,0,1,0,0,0.1934,0,-0.9811,0,0.0003,12.1861,0.0003,1]}]}},
{"name":"c_eyelid_07_l","index":19,"matrix":[-0.162,0,0.9869,0,0,1,0,0,-0.9868,0,-0.162,0,0.0004,12.1861,0.0003,1],"rest":[-0.162,0,0.9868,0,0,1,0,0,-0.9868,0,-0.162,0,-0.0001,12.1855,0,1],"parentBoneIndex":11,"length":12.1854
,"animation":
{"name":"anim","property":"_matrix","dataType":3,"framePerSecond":30,"loopBehavior":1,"keys":[
{"frame":1,"values":[-0.162,0,0.9869,0,0,1,0,0,-0.9868,0,-0.162,0,0.0003,12.1861,0.0003,1]},
{"frame":4,"values":[-0.162,0,0.9869,0,0,1,0,0,-0.9868,0,-0.162,0,0.0004,12.1861,0.0003,1]},
{"frame":5,"values":[-0.162,0,0.9869,0,0,1,0,0,-0.9868,0,-0.162,0,0.0003,12.186,0.0003,1]},
{"frame":6,"values":[-0.162,0,0.9869,0,0,1,0,0,-0.9868,0,-0.162,0,0.0004,12.1861,0.0003,1]},
{"frame":7,"values":[-0.162,0,0.9869,0,0,1,0,0,-0.9868,0,-0.162,0,0.0003,12.186,0.0003,1]},
{"frame":8,"values":[-0.162,0,0.9869,0,0,1,0,0,-0.9868,0,-0.162,0,0.0003,12.1861,0.0002,1]},
{"frame":9,"values":[-0.162,0,0.9869,0,0,1,0,0,-0.9868,0,-0.162,0,0.0003,12.1861,0.0003,1]},
{"frame":10,"values":[-0.162,0,0.9869,0,0,1,0,0,-0.9868,0,-0.162,0,0.0004,12.1861,0.0003,1]},
{"frame":11,"values":[-0.162,0,0.9869,0,0,1,0,0,-0.9868,0,-0.162,0,0.0003,12.1862,0.0002,1]},
{"frame":12,"values":[-0.162,0,0.9869,0,0,1,0,0,-0.9868,0,-0.162,0,0.0003,12.1862,0.0003,1]},
{"frame":13,"values":[-0.162,0,0.9869,0,0,1,0,0,-0.9868,0,-0.162,0,0.0004,12.1861,0.0002,1]},
{"frame":14,"values":[-0.162,0,0.9869,0,0,1,0,0,-0.9868,0,-0.162,0,0.0003,12.1862,0.0003,1]},
{"frame":17,"values":[-0.162,0,0.9869,0,0,1,0,0,-0.9868,0,-0.162,0,0.0004,12.1861,0.0003,1]},
{"frame":18,"values":[-0.162,0,0.9869,0,0,1,0,0,-0.9868,0,-0.162,0,0.0004,12.1861,0.0002,1]},
{"frame":20,"values":[-0.162,0,0.9869,0,0,1,0,0,-0.9868,0,-0.162,0,0.0003,12.1862,0.0003,1]},
{"frame":22,"values":[-0.162,0,0.9869,0,0,1,0,0,-0.9868,0,-0.162,0,0.0004,12.1861,0.0003,1]},
{"frame":31,"values":[-0.162,0,0.9869,0,0,1,0,0,-0.9868,0,-0.162,0,0.0004,12.1861,0.0003,1]}]}},
{"name":"c_eyelid_08_l","index":20,"matrix":[0.9986,0,-0.0543,0,0,1,0,0,0.0543,0,0.9985,0,0.0002,12.186,0.0003,1],"rest":[0.9985,0,-0.0543,0,0,1,0,0,0.0543,0,0.9985,0,0,12.1854,0.0001,1],"parentBoneIndex":11,"length":12.1846
,"animation":
{"name":"anim","property":"_matrix","dataType":3,"framePerSecond":30,"loopBehavior":1,"keys":[
{"frame":1,"values":[0.9986,0,-0.0543,0,0,1,0,0,0.0543,0,0.9985,0,0.0002,12.1859,0.0002,1]},
{"frame":4,"values":[0.9986,0,-0.0543,0,0,1,0,0,0.0543,0,0.9985,0,0.0002,12.186,0.0003,1]},
{"frame":5,"values":[0.9986,0,-0.0543,0,0,1,0,0,0.0543,0,0.9985,0,0.0002,12.1859,0.0002,1]},
{"frame":6,"values":[0.9986,0,-0.0543,0,0,1,0,0,0.0543,0,0.9985,0,0.0002,12.186,0.0003,1]},
{"frame":7,"values":[0.9986,0,-0.0543,0,0,1,0,0,0.0543,0,0.9985,0,0.0002,12.1859,0.0002,1]},
{"frame":8,"values":[0.9986,0,-0.0543,0,0,1,0,0,0.0543,0,0.9986,0,0.0002,12.1859,0.0001,1]},
{"frame":9,"values":[0.9986,0,-0.0543,0,0,1,0,0,0.0543,0,0.9985,0,0.0002,12.1859,0.0002,1]},
{"frame":10,"values":[0.9986,0,-0.0543,0,0,1.0001,0,0,0.0543,0,0.9985,0,0.0002,12.186,0.0003,1]},
{"frame":11,"values":[0.9986,0,-0.0543,0,0,1,0,0,0.0543,0,0.9985,0,0.0002,12.186,0.0002,1]},
{"frame":13,"values":[0.9986,0,-0.0543,0,0,1,0,0,0.0543,0,0.9986,0,0.0003,12.1859,0.0002,1]},
{"frame":14,"values":[0.9986,0,-0.0543,0,0,1,0,0,0.0543,0,0.9985,0,0.0002,12.186,0.0002,1]},
{"frame":17,"values":[0.9986,0,-0.0543,0,0,1,0,0,0.0543,0,0.9985,0,0.0002,12.186,0.0003,1]},
{"frame":18,"values":[0.9986,0,-0.0543,0,0,1,0,0,0.0543,0,0.9986,0,0.0003,12.1859,0.0002,1]},
{"frame":20,"values":[0.9986,0,-0.0543,0,0,1,0,0,0.0543,0,0.9985,0,0.0002,12.186,0.0002,1]},
{"frame":22,"values":[0.9986,0,-0.0543,0,0,1,0,0,0.0543,0,0.9985,0,0.0002,12.186,0.0003,1]},
{"frame":25,"values":[0.9986,0,-0.0543,0,0,1.0001,0,0,0.0543,0,0.9985,0,0.0002,12.186,0.0003,1]},
{"frame":27,"values":[0.9986,0,-0.0543,0,0,1,0,0,0.0543,0,0.9985,0,0.0002,12.186,0.0003,1]},
{"frame":31,"values":[0.9986,0,-0.0543,0,0,1,0,0,0.0543,0,0.9985,0,0.0002,12.186,0.0003,1]}]}},
{"name":"c_eye_root_r","index":21,"matrix":[0.8966,0.2418,0.3707,0,-0.4426,0.4775,0.759,0,0.0066,-0.8446,0.5352,0,0,0.0001,0,1],"rest":[0.8967,0.2419,0.3707,0,-0.4426,0.4775,0.759,0,0.0066,-0.8447,0.5352,0,0,0,-0.0001,1],"parentBoneIndex":8,"length":12.1859
,"animation":
{"name":"anim","property":"_matrix","dataType":3,"framePerSecond":30,"loopBehavior":1,"keys":[
{"frame":1,"values":[0.8966,0.2418,0.3707,0,-0.4426,0.4775,0.759,0,0.0066,-0.8446,0.5352,0,0,0.0001,0,1]},
{"frame":8,"values":[0.8966,0.2418,0.3707,0,-0.4426,0.4775,0.759,0,0.0066,-0.8447,0.5352,0,0,0.0001,0,1]},
{"frame":9,"values":[0.8966,0.2418,0.3707,0,-0.4426,0.4775,0.759,0,0.0066,-0.8446,0.5352,0,0,0.0001,0,1]},
{"frame":18,"values":[0.8966,0.2418,0.3707,0,-0.4426,0.4775,0.759,0,0.0066,-0.8447,0.5352,0,0,0.0001,0,1]},
{"frame":20,"values":[0.8966,0.2418,0.3707,0,-0.4426,0.4775,0.759,0,0.0066,-0.8446,0.5352,0,0,0.0001,0,1]},
{"frame":31,"values":[0.8966,0.2418,0.3707,0,-0.4426,0.4775,0.759,0,0.0066,-0.8446,0.5352,0,0,0.0001,0,1]}]}},
{"name":"c_eye_r","index":22,"matrix":[0.5621,0,0.8272,0,0,1,0,0,-0.8272,0,0.5621,0,-0.0007,12.1851,0.0004,1],"rest":[0.562,0,0.8271,0,0,1,0,0,-0.8271,0,0.562,0,0.0001,12.1856,0.0001,1],"parentBoneIndex":21,"length":12.186
,"animation":
{"name":"anim","property":"_matrix","dataType":3,"framePerSecond":30,"loopBehavior":1,"keys":[
{"frame":1,"values":[0.5621,0,0.8272,0,0,1,0,0,-0.8272,0,0.5621,0,-0.0007,12.1851,0.0004,1]},
{"frame":8,"values":[0.562,0,0.8272,0,0,1,0,0,-0.8272,0,0.5621,0,-0.0008,12.185,0.0003,1]},
{"frame":9,"values":[0.5621,0,0.8272,0,0,1,0,0,-0.8272,0,0.5621,0,-0.0007,12.1851,0.0004,1]},
{"frame":13,"values":[0.5621,0,0.8272,0,0,1,0,0,-0.8272,0,0.5621,0,-0.0007,12.185,0.0004,1]},
{"frame":14,"values":[0.5621,0,0.8272,0,0,1,0,0,-0.8272,0,0.5621,0,-0.0007,12.1851,0.0004,1]},
{"frame":18,"values":[0.562,0,0.8272,0,0,1,0,0,-0.8272,0,0.5621,0,-0.0007,12.185,0.0003,1]},
{"frame":20,"values":[0.5621,0,0.8272,0,0,1,0,0,-0.8272,0,0.5621,0,-0.0007,12.1851,0.0004,1]},
{"frame":31,"values":[0.5621,0,0.8272,0,0,1,0,0,-0.8272,0,0.5621,0,-0.0007,12.1851,0.0004,1]}]}},
{"name":"c_eyelid_01_r","index":23,"matrix":[-0.2658,0,0.9641,0,0,1,0,0,-0.9641,0,-0.2658,0,-0.0007,12.185,0.0004,1],"rest":[-0.2658,0,0.964,0,0,1,0,0,-0.964,0,-0.2658,0,0,12.1856,-0.0001,1],"parentBoneIndex":21,"length":12.1859
,"animation":
{"name":"anim","property":"_matrix","dataType":3,"framePerSecond":30,"loopBehavior":1,"keys":[
{"frame":1,"values":[-0.2658,0,0.9641,0,0,1,0,0,-0.9641,0,-0.2658,0,-0.0007,12.185,0.0004,1]},
{"frame":8,"values":[-0.2658,0,0.9641,0,0,1,0,0,-0.9641,0,-0.2658,0,-0.0009,12.1849,0.0003,1]},
{"frame":9,"values":[-0.2658,0,0.9641,0,0,1,0,0,-0.9641,0,-0.2658,0,-0.0007,12.185,0.0004,1]},
{"frame":13,"values":[-0.2658,0,0.9641,0,0,1,0,0,-0.9641,0,-0.2658,0,-0.0008,12.1849,0.0003,1]},
{"frame":14,"values":[-0.2658,0,0.9641,0,0,1,0,0,-0.9641,0,-0.2658,0,-0.0007,12.185,0.0004,1]},
{"frame":18,"values":[-0.2658,0,0.9641,0,0,1,0,0,-0.9641,0,-0.2658,0,-0.0008,12.1849,0.0003,1]},
{"frame":20,"values":[-0.2658,0,0.9641,0,0,1,0,0,-0.9641,0,-0.2658,0,-0.0007,12.185,0.0004,1]},
{"frame":31,"values":[-0.2658,0,0.9641,0,0,1,0,0,-0.9641,0,-0.2658,0,-0.0007,12.185,0.0004,1]}]}},
{"name":"c_eyelid_02_r","index":24,"matrix":[-0.8793,0,0.4764,0,0,1,0,0,-0.4764,0,-0.8793,0,-0.0008,12.1851,0.0004,1],"rest":[-0.8792,0,0.4764,0,0,1,0,0,-0.4764,0,-0.8792,0,-0.0001,12.1857,-0.0001,1],"parentBoneIndex":21,"length":12.186
,"animation":
{"name":"anim","property":"_matrix","dataType":3,"framePerSecond":30,"loopBehavior":1,"keys":[
{"frame":1,"values":[-0.8793,0,0.4764,0,0,1,0,0,-0.4764,0,-0.8793,0,-0.0008,12.1851,0.0004,1]},
{"frame":8,"values":[-0.8793,0,0.4764,0,0,1,0,0,-0.4764,0,-0.8793,0,-0.0009,12.1851,0.0003,1]},
{"frame":9,"values":[-0.8793,0,0.4764,0,0,1,0,0,-0.4764,0,-0.8793,0,-0.0008,12.1851,0.0004,1]},
{"frame":10,"values":[-0.8793,0,0.4764,0,0,1,0,0,-0.4764,0,-0.8793,0,-0.0008,12.1851,0.0003,1]},
{"frame":11,"values":[-0.8793,0,0.4764,0,0,1,0,0,-0.4764,0,-0.8793,0,-0.0008,12.1851,0.0004,1]},
{"frame":13,"values":[-0.8793,0,0.4764,0,0,1,0,0,-0.4764,0,-0.8793,0,-0.0008,12.1851,0.0003,1]},
{"frame":14,"values":[-0.8793,0,0.4764,0,0,1,0,0,-0.4764,0,-0.8793,0,-0.0008,12.1851,0.0004,1]},
{"frame":18,"values":[-0.8793,0,0.4764,0,0,1,0,0,-0.4764,0,-0.8793,0,-0.0008,12.1851,0.0003,1]},
{"frame":20,"values":[-0.8793,0,0.4764,0,0,1,0,0,-0.4764,0,-0.8793,0,-0.0008,12.1851,0.0004,1]},
{"frame":25,"values":[-0.8793,0,0.4764,0,0,1,0,0,-0.4764,0,-0.8793,0,-0.0008,12.1852,0.0003,1]},
{"frame":27,"values":[-0.8793,0,0.4764,0,0,1,0,0,-0.4764,0,-0.8793,0,-0.0008,12.1851,0.0004,1]},
{"frame":31,"values":[-0.8793,0,0.4764,0,0,1,0,0,-0.4764,0,-0.8793,0,-0.0008,12.1851,0.0004,1]}]}},
{"name":"c_eyelid_03_r","index":25,"matrix":[0.2899,0,-0.9572,0,0,1,0,0,0.9571,0,0.2898,0,-0.0007,12.185,0.0004,1],"rest":[0.2898,0,-0.9571,0,0,1,0,0,0.9571,0,0.2898,0,-0.0001,12.1856,0.0001,1],"parentBoneIndex":21,"length":12.1859
,"animation":
{"name":"anim","property":"_matrix","dataType":3,"framePerSecond":30,"loopBehavior":1,"keys":[
{"frame":1,"values":[0.2899,0,-0.9572,0,0,1,0,0,0.9571,0,0.2898,0,-0.0007,12.185,0.0004,1]},
{"frame":8,"values":[0.2899,0,-0.9572,0,0,1,0,0,0.9571,0,0.2898,0,-0.0009,12.1849,0.0003,1]},
{"frame":9,"values":[0.2899,0,-0.9572,0,0,1,0,0,0.9571,0,0.2898,0,-0.0007,12.185,0.0004,1]},
{"frame":13,"values":[0.2899,0,-0.9572,0,0,1,0,0,0.9571,0,0.2898,0,-0.0008,12.1849,0.0003,1]},
{"frame":14,"values":[0.2899,0,-0.9572,0,0,1,0,0,0.9571,0,0.2898,0,-0.0007,12.185,0.0004,1]},
{"frame":18,"values":[0.2899,0,-0.9572,0,0,1,0,0,0.9571,0,0.2898,0,-0.0008,12.1849,0.0003,1]},
{"frame":20,"values":[0.2899,0,-0.9572,0,0,1,0,0,0.9571,0,0.2898,0,-0.0007,12.185,0.0004,1]},
{"frame":31,"values":[0.2899,0,-0.9572,0,0,1,0,0,0.9571,0,0.2898,0,-0.0007,12.185,0.0004,1]}]}},
{"name":"c_eyelid_04_r","index":26,"matrix":[0.9267,0,0.3761,0,0,1,0,0,-0.3761,0,0.9266,0,-0.0007,12.185,0.0005,1],"rest":[0.9266,0,0.3761,0,0,1,0,0,-0.3761,0,0.9266,0,0.0001,12.1856,-0.0001,1],"parentBoneIndex":21,"length":12.1859
,"animation":
{"name":"anim","property":"_matrix","dataType":3,"framePerSecond":30,"loopBehavior":1,"keys":[
{"frame":1,"values":[0.9267,0,0.3761,0,0,1,0,0,-0.3761,0,0.9266,0,-0.0007,12.185,0.0005,1]},
{"frame":8,"values":[0.9266,0,0.3761,0,0,1,0,0,-0.3761,0,0.9266,0,-0.0008,12.185,0.0004,1]},
{"frame":9,"values":[0.9267,0,0.3761,0,0,1,0,0,-0.3761,0,0.9266,0,-0.0007,12.185,0.0005,1]},
{"frame":10,"values":[0.9267,0,0.3761,0,0,1,0,0,-0.3761,0,0.9266,0,-0.0007,12.1851,0.0004,1]},
{"frame":11,"values":[0.9267,0,0.3761,0,0,1,0,0,-0.3761,0,0.9266,0,-0.0007,12.185,0.0005,1]},
{"frame":13,"values":[0.9267,0,0.3761,0,0,1,0,0,-0.3761,0,0.9266,0,-0.0007,12.185,0.0004,1]},
{"frame":14,"values":[0.9267,0,0.3761,0,0,1,0,0,-0.3761,0,0.9266,0,-0.0007,12.185,0.0005,1]},
{"frame":18,"values":[0.9266,0,0.3761,0,0,1,0,0,-0.3761,0,0.9266,0,-0.0007,12.185,0.0004,1]},
{"frame":20,"values":[0.9267,0,0.3761,0,0,1,0,0,-0.3761,0,0.9266,0,-0.0007,12.185,0.0005,1]},
{"frame":23,"values":[0.9267,0,0.3761,0,0,1,0,0,-0.3761,0,0.9266,0,-0.0007,12.1851,0.0005,1]},
{"frame":24,"values":[0.9267,0,0.3761,0,0,1,0,0,-0.3761,0,0.9266,0,-0.0007,12.185,0.0005,1]},
{"frame":25,"values":[0.9267,0,0.3761,0,0,1,0,0,-0.3761,0,0.9266,0,-0.0007,12.1851,0.0004,1]},
{"frame":27,"values":[0.9267,0,0.3761,0,0,1,0,0,-0.3761,0,0.9266,0,-0.0007,12.185,0.0005,1]},
{"frame":31,"values":[0.9267,0,0.3761,0,0,1,0,0,-0.3761,0,0.9266,0,-0.0007,12.185,0.0005,1]}]}},
{"name":"c_eyelid_05_r","index":27,"matrix":[0.5295,0,0.8484,0,0,1,0,0,-0.8484,0,0.5295,0,-0.0007,12.185,0.0004,1],"rest":[0.5294,0,0.8483,0,0,1,0,0,-0.8483,0,0.5294,0,0,12.1856,-0.0001,1],"parentBoneIndex":21,"length":12.1859
,"animation":
{"name":"anim","property":"_matrix","dataType":3,"framePerSecond":30,"loopBehavior":1,"keys":[
{"frame":1,"values":[0.5295,0,0.8484,0,0,1,0,0,-0.8484,0,0.5295,0,-0.0007,12.185,0.0004,1]},
{"frame":8,"values":[0.5295,0,0.8484,0,0,1,0,0,-0.8484,0,0.5295,0,-0.0009,12.1849,0.0003,1]},
{"frame":9,"values":[0.5295,0,0.8484,0,0,1,0,0,-0.8484,0,0.5295,0,-0.0007,12.185,0.0004,1]},
{"frame":13,"values":[0.5295,0,0.8484,0,0,1,0,0,-0.8484,0,0.5295,0,-0.0008,12.1849,0.0003,1]},
{"frame":14,"values":[0.5295,0,0.8484,0,0,1,0,0,-0.8484,0,0.5295,0,-0.0007,12.185,0.0004,1]},
{"frame":18,"values":[0.5295,0,0.8484,0,0,1,0,0,-0.8484,0,0.5295,0,-0.0008,12.1849,0.0003,1]},
{"frame":20,"values":[0.5295,0,0.8484,0,0,1,0,0,-0.8484,0,0.5295,0,-0.0007,12.185,0.0004,1]},
{"frame":31,"values":[0.5295,0,0.8484,0,0,1,0,0,-0.8484,0,0.5295,0,-0.0007,12.185,0.0004,1]}]}},
{"name":"c_eyelid_06_r","index":28,"matrix":[-0.9812,0,0.1936,0,0,1,0,0,-0.1935,0,-0.9811,0,-0.0007,12.1851,0.0004,1],"rest":[-0.9811,0,0.1935,0,0,1,0,0,-0.1935,0,-0.9811,0,0.0001,12.1855,0.0001,1],"parentBoneIndex":21,"length":12.1858
,"animation":
{"name":"anim","property":"_matrix","dataType":3,"framePerSecond":30,"loopBehavior":1,"keys":[
