{"producer":{"name":"Blender","version":"2.93.5","exporter_version":"2.93.5","file":"body.babylon"},
"autoClear":true,"clearColor":[0.0509,0.0509,0.0509],"gravity":[0,-9.81,0],
"materials":[{"name":"lambert10.003","id":"lambert10.003","customType":"BABYLON.PBRMaterial","albedo":[0.5161,0.5161,0.5161],"emissive":[0,0,0],"reflectivity":[0.5,0.5,0.5],"roughness":0.5,"alpha":1,"transparencyMode":0,"alphaCutOff":0.4,"metallic":0},
{"name":"lambert11.003","id":"lambert11.003","customType":"BABYLON.PBRMaterial","albedo":[0.1871,0.1871,0.1871],"emissive":[0,0,0],"reflectivity":[0.5,0.5,0.5],"roughness":0.5,"alpha":1,"transparencyMode":0,"alphaCutOff":0.4,"metallic":0},
{"name":"lambert12.003","id":"lambert12.003","customType":"BABYLON.PBRMaterial","albedo":[0.6774,0.6774,0.6774],"emissive":[0,0,0],"reflectivity":[0.5,0.5,0.5],"roughness":0.5,"alpha":1,"transparencyMode":0,"alphaCutOff":0.4,"metallic":0}],
"multiMaterials":[{"name":"body.Multimaterial#0","id":"body.Multimaterial#0","materials":["lambert10.003","lambert11.003","lambert12.003"]}],
"skeletons":[{"name":"Armature.003","id":0,"dimensionsAtRest":[1.4561,2.0155,0.2831],"bones":[
{"name":"root","index":0,"matrix":[1,0,0,0,0,0.9998,0.0193,0,0,0.0193,-0.9998,0,0,0,0,1],"rest":[1,0,0,0,0,0.9998,0.0193,0,0,0.0193,-0.9998,0,0,0,0,1],"parentBoneIndex":-1,"length":1.1572},
{"name":"pelvis","index":1,"matrix":[1,0,0,0,0,0.9873,0.1587,0,0,-0.1587,0.9873,0,0,1.1572,0,1],"rest":[1,0,0,0,0,0.9873,0.1587,0,0,-0.1587,0.9873,0,0,1.1572,0,1],"parentBoneIndex":0,"length":0.0408},
{"name":"spine_01_x","index":2,"matrix":[1,0.0009,0.0066,0,0,0.9908,-0.1356,0,-0.0066,0.1356,0.9907,0,0,0.1224,0,1],"rest":[1,0.0009,0.0066,0,0,0.9908,-0.1356,0,-0.0066,0.1356,0.9907,0,0,0.1224,0,1],"parentBoneIndex":1,"length":0.1212},
{"name":"spine_02_x","index":3,"matrix":[1,0,-0.0066,0,-0.0006,0.9958,-0.0919,0,0.0066,0.0919,0.9957,0,0,0.1212,0,1],"rest":[1,0,-0.0066,0,-0.0006,0.9958,-0.0919,0,0.0066,0.0919,0.9957,0,0,0.1212,0,1],"parentBoneIndex":2,"length":0.1217},
{"name":"c_chest_l","index":4,"matrix":[-0.5404,0,-0.8414,0,0,1,0,0,0.8414,0,-0.5404,0,0,0.1217,0,1],"rest":[-0.5404,0,-0.8414,0,0,1,0,0,0.8414,0,-0.5404,0,0,0.1217,0,1],"parentBoneIndex":3,"length":0.1217},
{"name":"c_chest_r","index":5,"matrix":[-0.5404,0,0.8414,0,0,1,0,0,-0.8414,0,-0.5404,0,0,0.1217,0,1],"rest":[-0.5404,0,0.8414,0,0,1,0,0,-0.8414,0,-0.5404,0,0,0.1217,0,1],"parentBoneIndex":3,"length":0.1217},
{"name":"spine_03_x","index":6,"matrix":[1,0,0,0,0,0.9908,0.135,0,0,-0.135,0.9908,0,0,0.1217,0,1],"rest":[1,0,0,0,0,0.9908,0.135,0,0,-0.135,0.9908,0,0,0.1217,0,1],"parentBoneIndex":3,"length":0.097},
{"name":"neck_x","index":7,"matrix":[0.9999,0.0003,-0.0135,0,0,0.9998,0.0191,0,0.0135,-0.0191,0.9997,0,0,0.1197,-0.0343,1],"rest":[0.9999,0.0003,-0.0135,0,0,0.9998,0.0191,0,0.0135,-0.0191,0.9997,0,0,0.1197,-0.0343,1],"parentBoneIndex":6,"length":0.1337},
{"name":"head_x","index":8,"matrix":[0.9999,0,0.0136,0,0.0012,0.9963,-0.086,0,-0.0135,0.086,0.9962,0,0,0.1337,0,1],"rest":[0.9999,0,0.0136,0,0.0012,0.9963,-0.086,0,-0.0135,0.086,0.9962,0,0,0.1337,0,1],"parentBoneIndex":7,"length":0.0179},
{"name":"c_cheak_l","index":9,"matrix":[-0.9263,0.0021,-0.3768,0,0.0013,1,0.0023,0,0.3768,0.0016,-0.9263,0,0,0,0,1],"rest":[-0.9263,0.0021,-0.3768,0,0.0013,1,0.0023,0,0.3768,0.0016,-0.9263,0,0,0,0,1],"parentBoneIndex":8,"length":0.0178},
{"name":"c_cheak_r","index":10,"matrix":[-0.9262,-0.0021,0.377,0,-0.0013,1,0.0023,0,-0.377,0.0016,-0.9262,0,0,0,0,1],"rest":[-0.9262,-0.0021,0.377,0,-0.0013,1,0.0023,0,-0.377,0.0016,-0.9262,0,0,0,0,1],"parentBoneIndex":8,"length":0.0178},
{"name":"c_eye_root_l","index":11,"matrix":[0.8966,-0.242,-0.3708,0,0.4428,0.4775,0.7589,0,-0.0066,-0.8446,0.5353,0,0,0,0,1],"rest":[0.8966,-0.242,-0.3708,0,0.4428,0.4775,0.7589,0,-0.0066,-0.8446,0.5353,0,0,0,0,1],"parentBoneIndex":8,"length":0.1219},
{"name":"c_eye_l","index":12,"matrix":[0.562,0,-0.8271,0,0,1,0,0,0.8271,0,0.562,0,0,0.1219,0,1],"rest":[0.562,0,-0.8271,0,0,1,0,0,0.8271,0,0.562,0,0,0.1219,0,1],"parentBoneIndex":11,"length":0.1219},
{"name":"c_eyelid_01_l","index":13,"matrix":[-0.2658,0,-0.964,0,0,1,0,0,0.964,0,-0.2658,0,0,0.1219,0,1],"rest":[-0.2658,0,-0.964,0,0,1,0,0,0.964,0,-0.2658,0,0,0.1219,0,1],"parentBoneIndex":11,"length":0.1219},
{"name":"c_eyelid_02_l","index":14,"matrix":[-0.8793,0,-0.4763,0,0,1,0,0,0.4763,0,-0.8793,0,0,0.1219,0,1],"rest":[-0.8793,0,-0.4763,0,0,1,0,0,0.4763,0,-0.8793,0,0,0.1219,0,1],"parentBoneIndex":11,"length":0.1219},
{"name":"c_eyelid_03_l","index":15,"matrix":[0.2899,0,0.9571,0,0,1,0,0,-0.9571,0,0.2899,0,0,0.1219,0,1],"rest":[0.2899,0,0.9571,0,0,1,0,0,-0.9571,0,0.2899,0,0,0.1219,0,1],"parentBoneIndex":11,"length":0.1219},
{"name":"c_eyelid_04_l","index":16,"matrix":[0.9266,0,-0.3762,0,0,1,0,0,0.3762,0,0.9266,0,0,0.1219,0,1],"rest":[0.9266,0,-0.3762,0,0,1,0,0,0.3762,0,0.9266,0,0,0.1219,0,1],"parentBoneIndex":11,"length":0.1219},
{"name":"c_eyelid_05_l","index":17,"matrix":[0.5294,0,-0.8484,0,0,1,0,0,0.8484,0,0.5294,0,0,0.1219,0,1],"rest":[0.5294,0,-0.8484,0,0,1,0,0,0.8484,0,0.5294,0,0,0.1219,0,1],"parentBoneIndex":11,"length":0.1219},
{"name":"c_eyelid_06_l","index":18,"matrix":[-0.9811,0,-0.1934,0,0,1,0,0,0.1934,0,-0.9811,0,0,0.1219,0,1],"rest":[-0.9811,0,-0.1934,0,0,1,0,0,0.1934,0,-0.9811,0,0,0.1219,0,1],"parentBoneIndex":11,"length":0.1219},
{"name":"c_eyelid_07_l","index":19,"matrix":[-0.162,0,0.9868,0,0,1,0,0,-0.9868,0,-0.162,0,0,0.1219,0,1],"rest":[-0.162,0,0.9868,0,0,1,0,0,-0.9868,0,-0.162,0,0,0.1219,0,1],"parentBoneIndex":11,"length":0.1219},
{"name":"c_eyelid_08_l","index":20,"matrix":[0.9985,0,-0.0544,0,0,1,0,0,0.0544,0,0.9985,0,0,0.1219,0,1],"rest":[0.9985,0,-0.0544,0,0,1,0,0,0.0544,0,0.9985,0,0,0.1219,0,1],"parentBoneIndex":11,"length":0.1219},
{"name":"c_eye_root_r","index":21,"matrix":[0.8967,0.2419,0.3707,0,-0.4426,0.4775,0.759,0,0.0066,-0.8447,0.5352,0,0,0,0,1],"rest":[0.8967,0.2419,0.3707,0,-0.4426,0.4775,0.759,0,0.0066,-0.8447,0.5352,0,0,0,0,1],"parentBoneIndex":8,"length":0.1219},
{"name":"c_eye_r","index":22,"matrix":[0.562,0,0.8271,0,0,1,0,0,-0.8271,0,0.562,0,0,0.1219,0,1],"rest":[0.562,0,0.8271,0,0,1,0,0,-0.8271,0,0.562,0,0,0.1219,0,1],"parentBoneIndex":21,"length":0.1219},
{"name":"c_eyelid_01_r","index":23,"matrix":[-0.2658,0,0.964,0,0,1,0,0,-0.964,0,-0.2658,0,0,0.1219,0,1],"rest":[-0.2658,0,0.964,0,0,1,0,0,-0.964,0,-0.2658,0,0,0.1219,0,1],"parentBoneIndex":21,"length":0.1219},
{"name":"c_eyelid_02_r","index":24,"matrix":[-0.8792,0,0.4764,0,0,1,0,0,-0.4764,0,-0.8792,0,0,0.1219,0,1],"rest":[-0.8792,0,0.4764,0,0,1,0,0,-0.4764,0,-0.8792,0,0,0.1219,0,1],"parentBoneIndex":21,"length":0.1219},
{"name":"c_eyelid_03_r","index":25,"matrix":[0.2899,0,-0.9571,0,0,1,0,0,0.9571,0,0.2899,0,0,0.1219,0,1],"rest":[0.2899,0,-0.9571,0,0,1,0,0,0.9571,0,0.2899,0,0,0.1219,0,1],"parentBoneIndex":21,"length":0.1219},
{"name":"c_eyelid_04_r","index":26,"matrix":[0.9266,0,0.376,0,0,1,0,0,-0.376,0,0.9266,0,0,0.1219,0,1],"rest":[0.9266,0,0.376,0,0,1,0,0,-0.376,0,0.9266,0,0,0.1219,0,1],"parentBoneIndex":21,"length":0.1219},
{"name":"c_eyelid_05_r","index":27,"matrix":[0.5294,0,0.8483,0,0,1,0,0,-0.8483,0,0.5294,0,0,0.1219,0,1],"rest":[0.5294,0,0.8483,0,0,1,0,0,-0.8483,0,0.5294,0,0,0.1219,0,1],"parentBoneIndex":21,"length":0.1219},
{"name":"c_eyelid_06_r","index":28,"matrix":[-0.9811,0,0.1935,0,0,1,0,0,-0.1935,0,-0.9811,0,0,0.1219,0,1],"rest":[-0.9811,0,0.1935,0,0,1,0,0,-0.1935,0,-0.9811,0,0,0.1219,0,1],"parentBoneIndex":21,"length":0.1219},
{"name":"c_eyelid_07_r","index":29,"matrix":[-0.1622,0,-0.9868,0,0,1,0,0,0.9868,0,-0.1622,0,0,0.1219,0,1],"rest":[-0.1622,0,-0.9868,0,0,1,0,0,0.9868,0,-0.1622,0,0,0.1219,0,1],"parentBoneIndex":21,"length":0.1219},
{"name":"c_eyelid_08_r","index":30,"matrix":[0.9985,0,0.0544,0,0,1,0,0,-0.0544,0,0.9985,0,0,0.1219,0,1],"rest":[0.9985,0,0.0544,0,0,1,0,0,-0.0544,0,0.9985,0,0,0.1219,0,1],"parentBoneIndex":21,"length":0.1219},
{"name":"c_eyebrow_root_l","index":31,"matrix":[0.9399,-0.1894,-0.2842,0,0.3387,0.6249,0.7034,0,0.0443,-0.7574,0.6515,0,0,0,0,1],"rest":[0.9399,-0.1894,-0.2842,0,0.3387,0.6249,0.7034,0,0.0443,-0.7574,0.6515,0,0,0,0,1],"parentBoneIndex":8,"length":0.1698},
{"name":"c_eyebrow_01_l","index":32,"matrix":[0.2802,0,-0.9599,0,0,1,0,0,0.9599,0,0.2802,0,0,0.1698,0,1],"rest":[0.2802,0,-0.9599,0,0,1,0,0,0.9599,0,0.2802,0,0,0.1698,0,1],"parentBoneIndex":31,"length":0.1698},
{"name":"c_eyebrow_02_l","index":33,"matrix":[0.4471,0,0.8945,0,0,1,0,0,-0.8945,0,0.4471,0,0,0.1698,0,1],"rest":[0.4471,0,0.8945,0,0,1,0,0,-0.8945,0,0.4471,0,0,0.1698,0,1],"parentBoneIndex":31,"length":0.1698},
{"name":"c_eyebrow_03_l","index":34,"matrix":[-0.3209,0,-0.9471,0,0,1,0,0,0.9471,0,-0.3209,0,0,0.1698,0,1],"rest":[-0.3209,0,-0.9471,0,0,1,0,0,0.9471,0,-0.3209,0,0,0.1698,0,1],"parentBoneIndex":31,"length":0.1698},
{"name":"c_eyebrow_04_l","index":35,"matrix":[0.0246,0,-0.9997,0,0,1,0,0,0.9997,0,0.0246,0,0,0.1698,0,1],"rest":[0.0246,0,-0.9997,0,0,1,0,0,0.9997,0,0.0246,0,0,0.1698,0,1],"parentBoneIndex":31,"length":0.1698},
{"name":"c_eyebrow_root_r","index":36,"matrix":[0.9399,0.1895,0.284,0,-0.3385,0.6249,0.7035,0,-0.0442,-0.7573,0.6515,0,0,0,0,1],"rest":[0.9399,0.1895,0.284,0,-0.3385,0.6249,0.7035,0,-0.0442,-0.7573,0.6515,0,0,0,0,1],"parentBoneIndex":8,"length":0.1698},
{"name":"c_eyebrow_01_r","index":37,"matrix":[0.2803,0,0.9599,0,0,1,0,0,-0.9599,0,0.2803,0,0,0.1698,0,1],"rest":[0.2803,0,0.9599,0,0,1,0,0,-0.9599,0,0.2803,0,0,0.1698,0,1],"parentBoneIndex":36,"length":0.1698},
{"name":"c_eyebrow_02_r","index":38,"matrix":[0.447,0,-0.8945,0,0,1,0,0,0.8945,0,0.447,0,0,0.1698,0,1],"rest":[0.447,0,-0.8945,0,0,1,0,0,0.8945,0,0.447,0,0,0.1698,0,1],"parentBoneIndex":36,"length":0.1698},
{"name":"c_eyebrow_03_r","index":39,"matrix":[-0.3209,0,0.9471,0,0,1,0,0,-0.9471,0,-0.3209,0,0,0.1698,0,1],"rest":[-0.3209,0,0.9471,0,0,1,0,0,-0.9471,0,-0.3209,0,0,0.1698,0,1],"parentBoneIndex":36,"length":0.1698},
{"name":"c_eyebrow_04_r","index":40,"matrix":[0.0246,0,0.9997,0,0,1,0,0,-0.9997,0,0.0246,0,0,0.1698,0,1],"rest":[0.0246,0,0.9997,0,0,1,0,0,-0.9997,0,0.0246,0,0,0.1698,0,1],"parentBoneIndex":36,"length":0.1698},
{"name":"c_nose_x","index":41,"matrix":[1,0,0,0,0,1,0.0025,0,0,-0.0025,1,0,0,0,0,1],"rest":[1,0,0,0,0,1,0.0025,0,0,-0.0025,1,0,0,0,0,1],"parentBoneIndex":8,"length":0.0178},
{"name":"c_temple_l","index":42,"matrix":[0.1368,0.001,-0.9906,0,0.0015,1,0.0012,0,0.9906,-0.0017,0.1368,0,0,0,0,1],"rest":[0.1368,0.001,-0.9906,0,0.0015,1,0.0012,0,0.9906,-0.0017,0.1368,0,0,0,0,1],"parentBoneIndex":8,"length":0.0178},
{"name":"c_temple_r","index":43,"matrix":[0.137,-0.001,0.9906,0,-0.0015,1,0.0012,0,-0.9906,-0.0017,0.137,0,0,0,0,1],"rest":[0.137,-0.001,0.9906,0,-0.0015,1,0.0012,0,-0.9906,-0.0017,0.137,0,0,0,0,1],"parentBoneIndex":8,"length":0.0178},
{"name":"shoulder_l","index":44,"matrix":[-0.3879,-0.0455,-0.9206,0,0.9217,-0.0183,-0.3874,0,0.0007,-0.9988,0.0491,0,0.0326,0.0857,0.0172,1],"rest":[-0.3879,-0.0455,-0.9206,0,0.9217,-0.0183,-0.3874,0,0.0007,-0.9988,0.0491,0,0.0326,0.0857,0.0172,1],"parentBoneIndex":6,"length":0.106},
{"name":"arm_stretch_l","index":45,"matrix":[0.9134,0.4056,-0.0352,0,-0.3161,0.7611,0.5665,0,0.2565,-0.5063,0.8233,0,0,0.106,0,1],"rest":[0.9134,0.4056,-0.0352,0,-0.3161,0.7611,0.5665,0,0.2565,-0.5063,0.8233,0,0,0.106,0,1],"parentBoneIndex":44,"length":0.2575},
{"name":"forearm_stretch_l","index":46,"matrix":[0.995,0.0999,0,0,-0.0999,0.995,0,0,0,0,1,0,0,0.2575,0,1],"rest":[0.995,0.0999,0,0,-0.0999,0.995,0,0,0,0,1,0,0,0.2575,0,1],"parentBoneIndex":45,"length":0.2756},
{"name":"hand_l","index":47,"matrix":[-0.9927,-0.0575,-0.1063,0,-0.0562,0.9983,-0.0153,0,0.107,-0.0092,-0.9942,0,0,0.2756,0,1],"rest":[-0.9927,-0.0575,-0.1063,0,-0.0562,0.9983,-0.0153,0,0.107,-0.0092,-0.9942,0,0,0.2756,0,1],"parentBoneIndex":46,"length":0.0826},
{"name":"c_index1_l","index":48,"matrix":[0.9984,-0.0292,-0.0487,0,0.0322,0.9976,0.0613,0,0.0468,-0.0627,0.9969,0,0.0184,0.0952,0.0003,1],"rest":[0.9984,-0.0292,-0.0487,0,0.0322,0.9976,0.0613,0,0.0468,-0.0627,0.9969,0,0.0184,0.0952,0.0003,1],"parentBoneIndex":47,"length":0.0339},
{"name":"c_index2_l","index":49,"matrix":[0.9987,0.0515,-0.0009,0,-0.0513,0.9927,-0.1093,0,-0.0048,0.1092,0.994,0,0,0.0339,0,1],"rest":[0.9987,0.0515,-0.0009,0,-0.0513,0.9927,-0.1093,0,-0.0048,0.1092,0.994,0,0,0.0339,0,1],"parentBoneIndex":48,"length":0.0268},
{"name":"c_index3_l","index":50,"matrix":[0.9978,0,0.0664,0,0,1,0,0,-0.0664,0,0.9978,0,0,0.0268,0,1],"rest":[0.9978,0,0.0664,0,0,1,0,0,-0.0664,0,0.9978,0,0,0.0268,0,1],"parentBoneIndex":49,"length":0.0268},
{"name":"c_middle1_l","index":51,"matrix":[0.9951,0.0889,-0.0437,0,-0.0876,0.9957,0.0316,0,0.0463,-0.0276,0.9985,0,-0.0013,0.0957,0.0033,1],"rest":[0.9951,0.0889,-0.0437,0,-0.0876,0.9957,0.0316,0,0.0463,-0.0276,0.9985,0,-0.0013,0.0957,0.0033,1],"parentBoneIndex":47,"length":0.0344},
{"name":"c_middle2_l","index":52,"matrix":[0.9988,0.0497,0.0009,0,-0.0495,0.9961,-0.0729,0,-0.0045,0.0728,0.9973,0,0,0.0344,0,1],"rest":[0.9988,0.0497,0.0009,0,-0.0495,0.9961,-0.0729,0,-0.0045,0.0728,0.9973,0,0,0.0344,0,1],"parentBoneIndex":51,"length":0.0306},
{"name":"c_middle3_l","index":53,"matrix":[0.9967,0,0.081,0,0,1,0,0,-0.081,0,0.9967,0,0,0.0306,0,1],"rest":[0.9967,0,0.081,0,0,1,0,0,-0.081,0,0.9967,0,0,0.0306,0,1],"parentBoneIndex":52,"length":0.0306},
{"name":"c_pinky1_l","index":54,"matrix":[0.9554,0.2932,-0.0358,0,-0.29,0.954,0.0759,0,0.0564,-0.0622,0.9965,0,-0.0366,0.0868,0.0012,1],"rest":[0.9554,0.2932,-0.0358,0,-0.29,0.954,0.0759,0,0.0564,-0.0622,0.9965,0,-0.0366,0.0868,0.0012,1],"parentBoneIndex":47,"length":0.0272},
{"name":"c_pinky2_l","index":55,"matrix":[0.9999,-0.0145,0.0029,0,0.0145,0.9999,-0.0024,0,-0.0028,0.0024,1,0,0,0.0272,0,1],"rest":[0.9999,-0.0145,0.0029,0,0.0145,0.9999,-0.0024,0,-0.0028,0.0024,1,0,0,0.0272,0,1],"parentBoneIndex":54,"length":0.0249},
{"name":"c_pinky3_l","index":56,"matrix":[0.9985,0,0.0544,0,0,1,0,0,-0.0544,0,0.9985,0,0,0.0249,0,1],"rest":[0.9985,0,0.0544,0,0,1,0,0,-0.0544,0,0.9985,0,0,0.0249,0,1],"parentBoneIndex":55,"length":0.0249},
{"name":"c_ring1_l","index":57,"matrix":[0.9802,0.1943,-0.0385,0,-0.1935,0.9808,0.0252,0,0.0426,-0.0172,0.9989,0,-0.0189,0.0929,0.0045,1],"rest":[0.9802,0.1943,-0.0385,0,-0.1935,0.9808,0.0252,0,0.0426,-0.0172,0.9989,0,-0.0189,0.0929,0.0045,1],"parentBoneIndex":47,"length":0.029},
{"name":"c_ring2_l","index":58,"matrix":[0.9995,-0.0304,-0.001,0,0.0304,0.994,0.1048,0,-0.0022,-0.1048,0.9945,0,0,0.029,0,1],"rest":[0.9995,-0.0304,-0.001,0,0.0304,0.994,0.1048,0,-0.0022,-0.1048,0.9945,0,0,0.029,0,1],"parentBoneIndex":57,"length":0.0311},
{"name":"c_ring3_l","index":59,"matrix":[1,0,0.0086,0,0,1,0,0,-0.0086,0,1,0,0,0.0311,0,1],"rest":[1,0,0.0086,0,0,1,0,0,-0.0086,0,1,0,0,0.0311,0,1],"parentBoneIndex":58,"length":0.0311},
{"name":"c_thumb1_l","index":60,"matrix":[-0.0408,-0.1792,-0.983,0,0.6142,0.7715,-0.1662,0,0.7881,-0.6105,0.0786,0,0.0384,0.0422,-0.0093,1],"rest":[-0.0408,-0.1792,-0.983,0,0.6142,0.7715,-0.1662,0,0.7881,-0.6105,0.0786,0,0.0384,0.0422,-0.0093,1],"parentBoneIndex":47,"length":0.0535},
{"name":"c_thumb2_l","index":61,"matrix":[0.993,0.0803,-0.0868,0,-0.0821,0.9965,-0.0179,0,0.0851,0.0249,0.9961,0,0,0.0535,0,1],"rest":[0.993,0.0803,-0.0868,0,-0.0821,0.9965,-0.0179,0,0.0851,0.0249,0.9961,0,0,0.0535,0,1],"parentBoneIndex":60,"length":0.0231},
{"name":"c_thumb3_l","index":62,"matrix":[0.9997,0,0.024,0,0,1,0,0,-0.024,0,0.9997,0,0,0.0231,0,1],"rest":[0.9997,0,0.024,0,0,1,0,0,-0.024,0,0.9997,0,0,0.0231,0,1],"parentBoneIndex":61,"length":0.0231},
{"name":"shoulder_r","index":63,"matrix":[-0.3879,0.0455,0.9206,0,-0.9217,-0.0183,-0.3874,0,-0.0007,-0.9988,0.0491,0,-0.0326,0.0857,0.0172,1],"rest":[-0.3879,0.0455,0.9206,0,-0.9217,-0.0183,-0.3874,0,-0.0007,-0.9988,0.0491,0,-0.0326,0.0857,0.0172,1],"parentBoneIndex":6,"length":0.106},
{"name":"arm_stretch_r","index":64,"matrix":[0.9134,-0.4056,0.0352,0,0.3161,0.7611,0.5665,0,-0.2565,-0.5063,0.8233,0,0,0.106,0,1],"rest":[0.9134,-0.4056,0.0352,0,0.3161,0.7611,0.5665,0,-0.2565,-0.5063,0.8233,0,0,0.106,0,1],"parentBoneIndex":63,"length":0.2575},
{"name":"forearm_stretch_r","index":65,"matrix":[0.995,-0.0999,0,0,0.0999,0.995,0,0,0,0,1,0,0,0.2575,0,1],"rest":[0.995,-0.0999,0,0,0.0999,0.995,0,0,0,0,1,0,0,0.2575,0,1],"parentBoneIndex":64,"length":0.2756},
{"name":"hand_r","index":66,"matrix":[-0.9927,0.0575,0.1063,0,0.0562,0.9983,-0.0153,0,-0.107,-0.0092,-0.9942,0,0,0.2756,0,1],"rest":[-0.9927,0.0575,0.1063,0,0.0562,0.9983,-0.0153,0,-0.107,-0.0092,-0.9942,0,0,0.2756,0,1],"parentBoneIndex":65,"length":0.0826},
{"name":"c_index1_r","index":67,"matrix":[0.9984,0.0292,0.0487,0,-0.0322,0.9976,0.0612,0,-0.0468,-0.0627,0.9969,0,-0.0185,0.0952,0.0003,1],"rest":[0.9984,0.0292,0.0487,0,-0.0322,0.9976,0.0612,0,-0.0468,-0.0627,0.9969,0,-0.0185,0.0952,0.0003,1],"parentBoneIndex":66,"length":0.0339},
{"name":"c_index2_r","index":68,"matrix":[0.9987,-0.0515,0.001,0,0.0513,0.9927,-0.1092,0,0.0046,0.1091,0.994,0,0,0.0339,0,1],"rest":[0.9987,-0.0515,0.001,0,0.0513,0.9927,-0.1092,0,0.0046,0.1091,0.994,0,0,0.0339,0,1],"parentBoneIndex":67,"length":0.0268},
{"name":"c_index3_r","index":69,"matrix":[0.9978,0,-0.0664,0,0,1,0,0,0.0664,0,0.9978,0,0,0.0268,0,1],"rest":[0.9978,0,-0.0664,0,0,1,0,0,0.0664,0,0.9978,0,0,0.0268,0,1],"parentBoneIndex":68,"length":0.0268},
{"name":"c_middle1_r","index":70,"matrix":[0.9951,-0.0889,0.0438,0,0.0876,0.9957,0.0316,0,-0.0464,-0.0277,0.9985,0,0.0013,0.0957,0.0033,1],"rest":[0.9951,-0.0889,0.0438,0,0.0876,0.9957,0.0316,0,-0.0464,-0.0277,0.9985,0,0.0013,0.0957,0.0033,1],"parentBoneIndex":66,"length":0.0344},
{"name":"c_middle2_r","index":71,"matrix":[0.9988,-0.0496,-0.001,0,0.0494,0.9961,-0.073,0,0.0046,0.0729,0.9973,0,0,0.0344,0,1],"rest":[0.9988,-0.0496,-0.001,0,0.0494,0.9961,-0.073,0,0.0046,0.0729,0.9973,0,0,0.0344,0,1],"parentBoneIndex":70,"length":0.0306},
{"name":"c_middle3_r","index":72,"matrix":[0.9967,0,-0.081,0,0,1,0,0,0.081,0,0.9967,0,0,0.0306,0,1],"rest":[0.9967,0,-0.081,0,0,1,0,0,0.081,0,0.9967,0,0,0.0306,0,1],"parentBoneIndex":71,"length":0.0306},
{"name":"c_pinky1_r","index":73,"matrix":[0.9554,-0.2932,0.0357,0,0.29,0.954,0.0759,0,-0.0563,-0.0622,0.9965,0,0.0366,0.0868,0.0012,1],"rest":[0.9554,-0.2932,0.0357,0,0.29,0.954,0.0759,0,-0.0563,-0.0622,0.9965,0,0.0366,0.0868,0.0012,1],"parentBoneIndex":66,"length":0.0272},
{"name":"c_pinky2_r","index":74,"matrix":[0.9999,0.0145,-0.0027,0,-0.0145,0.9999,-0.0023,0,0.0027,0.0024,1,0,0,0.0272,0,1],"rest":[0.9999,0.0145,-0.0027,0,-0.0145,0.9999,-0.0023,0,0.0027,0.0024,1,0,0,0.0272,0,1],"parentBoneIndex":73,"length":0.0249},
{"name":"c_pinky3_r","index":75,"matrix":[0.9985,0,-0.0544,0,0,1,0,0,0.0544,0,0.9985,0,0,0.0249,0,1],"rest":[0.9985,0,-0.0544,0,0,1,0,0,0.0544,0,0.9985,0,0,0.0249,0,1],"parentBoneIndex":74,"length":0.0249},
{"name":"c_ring1_r","index":76,"matrix":[0.9802,-0.1943,0.0385,0,0.1935,0.9808,0.0252,0,-0.0427,-0.0173,0.9989,0,0.0189,0.0929,0.0045,1],"rest":[0.9802,-0.1943,0.0385,0,0.1935,0.9808,0.0252,0,-0.0427,-0.0173,0.9989,0,0.0189,0.0929,0.0045,1],"parentBoneIndex":66,"length":0.029},
{"name":"c_ring2_r","index":77,"matrix":[0.9995,0.0304,0.0009,0,-0.0303,0.994,0.1047,0,0.0023,-0.1047,0.9945,0,0,0.029,0,1],"rest":[0.9995,0.0304,0.0009,0,-0.0303,0.994,0.1047,0,0.0023,-0.1047,0.9945,0,0,0.029,0,1],"parentBoneIndex":76,"length":0.0311},
{"name":"c_ring3_r","index":78,"matrix":[1,0,-0.0086,0,0,1,0,0,0.0086,0,1,0,0,0.0311,0,1],"rest":[1,0,-0.0086,0,0,1,0,0,0.0086,0,1,0,0,0.0311,0,1],"parentBoneIndex":77,"length":0.0311},
{"name":"c_thumb1_r","index":79,"matrix":[-0.0408,0.1792,0.983,0,-0.6142,0.7715,-0.1662,0,-0.7881,-0.6105,0.0785,0,-0.0384,0.0422,-0.0093,1],"rest":[-0.0408,0.1792,0.983,0,-0.6142,0.7715,-0.1662,0,-0.7881,-0.6105,0.0785,0,-0.0384,0.0422,-0.0093,1],"parentBoneIndex":66,"length":0.0535},
{"name":"c_thumb2_r","index":80,"matrix":[0.993,-0.0803,0.0869,0,0.0822,0.9965,-0.0179,0,-0.0852,0.0249,0.9961,0,0,0.0535,0,1],"rest":[0.993,-0.0803,0.0869,0,0.0822,0.9965,-0.0179,0,-0.0852,0.0249,0.9961,0,0,0.0535,0,1],"parentBoneIndex":79,"length":0.0231},
{"name":"c_thumb3_r","index":81,"matrix":[0.9997,0,-0.024,0,0,1,0,0,0.024,0,0.9997,0,0,0.0231,0,1],"rest":[0.9997,0,-0.024,0,0,1,0,0,0.024,0,0.9997,0,0,0.0231,0,1],"parentBoneIndex":80,"length":0.0231},
{"name":"thigh_stretch_l","index":82,"matrix":[-0.0124,0.1264,0.9919,0,0.0555,-0.9904,0.1269,0,0.9984,0.0566,0.0053,0,0.092,0,0,1],"rest":[-0.0124,0.1264,0.9919,0,0.0555,-0.9904,0.1269,0,0.9984,0.0566,0.0053,0,0.092,0,0,1],"parentBoneIndex":1,"length":0.5065},
{"name":"leg_stretch_l","index":83,"matrix":[0.9994,0.0356,0.0001,0,-0.0356,0.9994,-0.0004,0,-0.0001,0.0004,1,0,0,0.5065,0,1],"rest":[0.9994,0.0356,0.0001,0,-0.0356,0.9994,-0.0004,0,-0.0001,0.0004,1,0,0,0.5065,0,1],"parentBoneIndex":82,"length":0.5066},
{"name":"foot_l","index":84,"matrix":[0.025,-0.0563,-0.9981,0,0.8818,0.4716,-0.0045,0,0.471,-0.88,0.0614,0,0,0.5066,0,1],"rest":[0.025,-0.0563,-0.9981,0,0.8818,0.4716,-0.0045,0,0.471,-0.88,0.0614,0,0,0.5066,0,1],"parentBoneIndex":83,"length":0.165},
{"name":"toes_01_l","index":85,"matrix":[-0.9968,0,-0.0805,0,0,1,0,0,0.0805,0,-0.9968,0,0,0.165,0,1],"rest":[-0.9968,0,-0.0805,0,0,1,0,0,0.0805,0,-0.9968,0,0,0.165,0,1],"parentBoneIndex":84,"length":0.165},
{"name":"thigh_stretch_r","index":86,"matrix":[-0.0124,-0.1264,-0.9919,0,-0.0555,-0.9904,0.1269,0,-0.9984,0.0566,0.0052,0,-0.092,0,0,1],"rest":[-0.0124,-0.1264,-0.9919,0,-0.0555,-0.9904,0.1269,0,-0.9984,0.0566,0.0052,0,-0.092,0,0,1],"parentBoneIndex":1,"length":0.5065},
{"name":"leg_stretch_r","index":87,"matrix":[0.9994,-0.0356,-0.0001,0,0.0356,0.9994,-0.0004,0,0.0001,0.0004,1,0,0,0.5065,0,1],"rest":[0.9994,-0.0356,-0.0001,0,0.0356,0.9994,-0.0004,0,0.0001,0.0004,1,0,0,0.5065,0,1],"parentBoneIndex":86,"length":0.5066},
{"name":"foot_r","index":88,"matrix":[0.0249,0.0563,0.9981,0,-0.8818,0.4716,-0.0046,0,-0.471,-0.88,0.0614,0,0,0.5066,0,1],"rest":[0.0249,0.0563,0.9981,0,-0.8818,0.4716,-0.0046,0,-0.471,-0.88,0.0614,0,0,0.5066,0,1],"parentBoneIndex":87,"length":0.165},
{"name":"toes_01_r","index":89,"matrix":[-0.9968,0,0.0805,0,0,1,0,0,-0.0805,0,-0.9968,0,0,0.165,0,1],"rest":[-0.9968,0,0.0805,0,0,1,0,0,-0.0805,0,-0.9968,0,0,0.165,0,1],"parentBoneIndex":88,"length":0.165}]}],
"meshes":[{"name":"baseBody","id":"baseBody","materialId":"body.Multimaterial#0","billboardMode":0,"position":[0,0,0],"rotationQuaternion":[0,0,0,-1],"scaling":[1,1,1],"isVisible":true,"isEnabled":true,"pickable":false,"skeletonId":0,"numBoneInfluencers":8
,"positions":[-0.0589,1.097,-0.0749,-0.0489,1.1081,-0.0745,-0.0613,1.1084,-0.0786,-0.0515,1.1168,-0.0789,-0.0625,1.1189,-0.0823,-0.0261,0.9615,0.0023,-0.027,0.946,0.0236,-0.0236,0.9666,0.0202,-0.0254,0.9658,0.0373,-0.0457,1.0133,0.0848,-0.0595,1.0385,0.1001,-0.0366,1.0442,0.0897,-0.0376,1.7494,-0.0059,-0.021,1.7301,-0.012,-0.0202,1.7402,-0.0214,-0.0172,1.7096,0.0744,-0.0335,1.7319,0.0672
,-0.0183,1.7329,0.0772,-0.0115,1.6311,-0.0362,0,1.6332,-0.0187,-0.0157,1.6412,-0.0186,-0.0847,1.6402,0.0649,-0.0916,1.6488,0.0521,-0.082,1.6493,0.055,-0.0675,1.6505,0.0593,-0.0568,1.6554,0.0297,-0.069,1.6461,0.0234,-0.059,1.642,0.0186,-0.059,1.642,0.0186,-0.0391,1.6398,0.0041,-0.0407,1.65,0.0196,-0.0826,1.654,0.0438,-0.0507,1.6389,0.0748,-0.0477,1.6549,0.0643
,-0.0281,1.6541,0.0744,-0.0315,1.6377,0.0802,-0.0372,1.6695,0.0629,-0.0281,1.6541,0.0744,-0.0477,1.6549,0.0643,-0.022,1.6704,0.0727,-0.0335,1.6863,0.0642,-0.018,1.6885,0.0742,-0.0721,1.6574,0.0444,-0.0554,1.6622,0.0475,-0.0468,1.669,0.0457,-0.0477,1.6549,0.0643,-0.0554,1.6622,0.0475,-0.0423,1.6813,0.0479,-0.0703,1.6514,0.0313,-0.0554,1.6622,0.0475,-0.0456,1.6627,0.0299
,-0.0568,1.6554,0.0297,-0.059,1.642,0.0186,-0.0125,1.6584,-0.0093,-0.0157,1.6412,-0.0186,-0.0086,1.6419,-0.0128,-0.0151,1.6727,-0.0065,-0.0199,1.6583,-0.0086,-0.0244,1.6741,-0.0041,-0.0164,1.6935,-0.0046,-0.0278,1.6958,0.0049,-0.019,1.7138,-0.0063,-0.0324,1.7191,0.0064,-0.0405,1.7423,0.0013,-0.041,1.7249,0.0249,-0.0474,1.7463,0.0276,-0.0365,1.6989,0.0219,-0.035,1.6761,0.0174
,-0.0276,1.6571,0.0004,-0.0225,1.6389,-0.0084,-0.0157,1.6412,-0.0186,-0.0414,1.703,0.0486,-0.0316,1.7077,0.0646,-0.045,1.7295,0.0497,-0.0475,1.7493,0.0496,-0.0374,1.7501,0.0684,-0.0429,1.7614,0.0701,-0.0558,1.767,0.05,-0.0276,1.7575,0.0826,-0.0234,1.7482,0.0787,-0.0114,1.7468,0.0825,-0.0097,1.7324,0.0783,-0.0772,1.8034,0.0709,-0.0823,1.7938,0.0423,-0.0903,1.8127,0.0458
,-0.0607,1.7951,0.0921,-0.0694,1.7883,0.0635,-0.0403,1.787,0.1086,-0.0538,1.7814,0.0821,-0.0359,1.774,0.0967,-0.0194,1.7828,0.1179,-0.0175,1.7704,0.1048,-0.0872,1.8202,0.0811,-0.0987,1.8337,0.0476,-0.0704,1.8114,0.1055,-0.0467,1.8057,0.1226,-0.0216,1.8006,0.1333,-0.0064,1.7378,-0.0293,-0.0127,1.7392,-0.0273,-0.0075,1.7363,-0.0256,-0.0204,1.7412,-0.0255,-0.029,1.7447,-0.0206
,-0.0388,1.7507,-0.0122,0,1.7357,-0.0268,-0.0072,1.6754,-0.0085,-0.0076,1.6921,-0.0089,0,1.6915,-0.0101,0,1.676,-0.0093,-0.0062,1.6619,-0.01,0,1.6627,-0.0105,-0.0086,1.7105,-0.0119,0,1.7092,-0.0132,-0.0085,1.7251,-0.0177,0,1.7239,-0.019,0,1.6332,-0.0187,-0.0157,1.6412,-0.0186,-0.0049,1.6514,-0.0118,0,1.6509,-0.0127,0,1.638,-0.0165
,-0.0474,1.7537,0.0024,-0.052,1.7626,0.0041,-0.0715,1.7812,0.0265,-0.0754,1.7841,0.0401,-0.0664,1.7767,0.0372,-0.0777,1.7867,0.0262,-0.0855,1.7939,0.0277,-0.0557,1.7626,0.0266,-0.0319,1.7649,0.0881,-0.0481,1.7707,0.0749,-0.0626,1.7773,0.0575,-0.0641,1.7749,0.0213,-0.015,1.6371,0.0832,-0.0132,1.6536,0.0786,-0.0132,1.6536,0.0786,-0.0106,1.6704,0.0761,-0.0096,1.6889,0.075
,-0.0134,1.7554,0.0878,-0.0091,1.7099,0.0754,-0.0155,1.7622,0.0948,0,1.7612,0.097,0,1.7547,0.0893,0,1.7474,0.0837,0,1.7319,0.0797,0,1.6893,0.076,0,1.6705,0.0773,0,1.6534,0.0798,-0.0132,1.6536,0.0786,0,1.6369,0.0841,0,1.7692,0.1075,0,1.7814,0.121,-0.0259,1.6332,-0.0239,-0.0421,1.6367,-0.0144,-0.0225,1.6389,-0.0084
,-0.0391,1.6398,0.0041,-0.0553,1.6389,-0.0013,-0.0391,1.6398,0.0041,-0.0756,1.6439,0.0195,-0.0813,1.652,0.0321,-0.0948,1.6516,0.0427,-0.0969,1.641,0.0574,-0.1104,1.6435,0.0431,-0.0935,1.6521,0.0293,-0.0818,1.5185,-0.1394,-0.0837,1.5199,-0.1385,-0.0878,1.5123,-0.1399,-0.5569,1.2873,-0.0176,-0.5595,1.3014,-0.0235,-0.5646,1.2969,-0.0262,-0.3608,1.4595,0.0621,-0.3918,1.4406,0.0621
,-0.3633,1.4615,0.0538,-0.3694,1.4683,0.0384,-0.3537,1.4673,0.0515,-0.3667,1.4184,0.0612,-0.347,1.4399,0.0653,-0.3478,1.4347,0.0568,-0.3401,1.4408,0.0558,-0.3428,1.4238,0.0386,-0.3223,1.4814,0.0498,-0.3262,1.4818,0.0457,-0.3131,1.4898,0.0467,-0.362,1.4739,0.0216,-0.3502,1.4754,0.0361,-0.2956,1.4701,0.0487,-0.3116,1.4581,0.0498,-0.3101,1.4628,0.0541,-0.337,1.426,0.0244
,-0.3314,1.435,0.0377,-0.0803,1.5166,-0.1403,-0.0796,1.5142,-0.1411,-0.0796,1.5116,-0.1417,-0.565,1.3235,0.0256,-0.5386,1.3388,0.0281,-0.56,1.3202,0.0311,-0.573,1.3157,0.0286,-0.5828,1.3076,0.0254,-0.5738,1.3152,0.0237,-0.56,1.3202,0.0311,-0.5566,1.3135,0.0325,-0.566,1.3163,0.0333,-0.575,1.3054,-0.0247,-0.5736,1.3145,-0.0123,-0.5817,1.3096,-0.0152,-0.5855,1.3129,0.0014
,-0.5638,1.3239,-0.0096,-0.5776,1.3187,0.0024,-0.559,1.3162,-0.0181,-0.5673,1.3096,-0.0209,-0.5638,1.3239,-0.0096,-0.5377,1.3336,-0.013,-0.5429,1.3426,-0.0056,-0.5514,1.3086,-0.0199,-0.5307,1.3239,-0.0133,-0.5514,1.3086,-0.0199,-0.5856,1.3115,0.0147,-0.5779,1.3189,0.0152,-0.567,1.3286,0.0041,-0.5668,1.3284,0.0164,-0.5668,1.3284,0.0164,-0.5452,1.3475,0.007,-0.5443,1.346,0.018
,-0.567,1.3286,0.0041,-0.5638,1.3239,-0.0096,-0.5661,1.291,0.0198,-0.5559,1.2937,0.0098,-0.5624,1.2882,0.0074,-0.5597,1.2963,0.0206,-0.5455,1.3,0.0122,-0.5524,1.3077,0.0279,-0.563,1.3001,0.0274,-0.5695,1.2937,0.0262,-0.575,1.2993,0.0319,-0.567,1.3057,0.0324,-0.5439,1.2982,0.0001,-0.5229,1.3118,0.0026,-0.5455,1.3,0.0122,-0.525,1.3147,0.0139,-0.5273,1.3181,0.0228
,-0.5524,1.3077,0.0279,-0.5295,1.3229,0.0292,-0.5566,1.3135,0.0325,-0.5524,1.3077,0.0279,-0.534,1.3317,0.0322,-0.5487,1.3036,0.0223,-0.5455,1.3,0.0122,-0.553,1.292,-0.0024,-0.5583,1.2858,-0.0057,-0.5533,1.2946,-0.0142,-0.5456,1.3015,-0.0111,-0.553,1.292,-0.0024,-0.5439,1.2982,0.0001,-0.5439,1.2982,0.0001,-0.525,1.3154,-0.0086,-0.5456,1.3015,-0.0111,-0.5456,1.3015,-0.0111
,-0.5514,1.3086,-0.0199,-0.5059,1.3602,-0.0106,-0.5113,1.3702,-0.0021,-0.4978,1.3466,-0.011,-0.491,1.3366,-0.0056,-0.4861,1.3305,0.0055,-0.4873,1.3333,0.019,-0.4907,1.3381,0.0288,-0.4938,1.3443,0.0356,-0.534,1.3317,0.0322,-0.4984,1.3531,0.0386,-0.5053,1.3641,0.034,-0.4984,1.3531,0.0386,-0.5102,1.3712,0.0234,-0.5111,1.3729,0.0121,-0.4984,1.3531,0.0386,-0.4697,1.3905,0.045
,-0.4616,1.3781,0.0498,-0.4616,1.3781,0.0498,-0.4517,1.3678,0.0484,-0.442,1.3604,0.0405,-0.4377,1.3561,0.0267,-0.4376,1.3537,0.0076,-0.4434,1.3616,-0.0075,-0.4534,1.3758,-0.0165,-0.4652,1.3915,-0.0158,-0.4748,1.4025,-0.0026,-0.4781,1.4043,0.0165,-0.4757,1.4004,0.0333,-0.4555,1.4247,0.0211,-0.4524,1.4203,0.0411,-0.4454,1.408,0.0539,-0.4351,1.3947,0.0574,-0.4517,1.4228,-0.0012
,-0.4424,1.4089,-0.0138,-0.4304,1.391,-0.0146,-0.4199,1.3741,-0.0069,-0.4093,1.3672,0.0093,-0.4071,1.3688,0.0269,-0.413,1.3749,0.0452,-0.4262,1.3824,0.0536,-0.4351,1.3947,0.0574,-0.4175,1.4265,0.0596,-0.4071,1.4118,0.0653,-0.4071,1.4118,0.0653,-0.3955,1.3987,0.0575,-0.3792,1.3848,0.0298,-0.383,1.3824,0.0119,-0.3965,1.3896,-0.0043,-0.4105,1.4046,-0.011,-0.4224,1.4224,-0.0133
,-0.4295,1.4389,-0.0003,-0.4316,1.4437,0.022,-0.426,1.4397,0.0434,-0.4008,1.4607,0.0216,-0.4046,1.4512,0.001,-0.405,1.435,-0.0093,-0.3977,1.4146,-0.0063,-0.3807,1.4035,-0.0024,-0.3639,1.3996,0.0126,-0.3581,1.4027,0.0287,-0.3823,1.3907,0.0463,-0.3584,1.4076,0.0437,-0.383,1.4265,0.0688,-0.4071,1.4118,0.0653,-0.383,1.4265,0.0688,-0.5677,1.3204,0.0287,-0.56,1.3202,0.0311
,-0.565,1.3235,0.0256,-0.565,1.3235,0.0256,-0.5792,1.3034,0.0298,-0.5714,1.3121,0.0338,-0.567,1.3057,0.0324,-0.575,1.2993,0.0319,-0.567,1.3057,0.0324,-0.0804,1.5089,-0.1421,-0.082,1.5064,-0.1421,-0.0843,1.5045,-0.1417,-0.383,1.4265,0.0688,-0.3528,1.4502,0.0694,-0.3957,1.4588,0.0416,-0.3488,1.4176,0.0106,-0.3763,1.4643,0.0046,-0.384,1.4446,-0.0029,-0.3823,1.4257,-0.0037
,-0.368,1.4155,-0.0003,-0.087,1.5034,-0.1409,-0.0897,1.5033,-0.1399,-0.0923,1.5043,-0.1388,-0.0978,1.5024,-0.1353,-0.0945,1.4993,-0.137,-0.1853,1.5285,0.0246,-0.2129,1.5144,0.006,-0.2125,1.5108,0.0236,-0.2396,1.4976,0.005,-0.2644,1.4761,0.021,-0.2671,1.4784,0.0054,-0.2922,1.4602,0.0213,-0.2964,1.4595,0.0068,-0.3166,1.4425,0.0219,-0.325,1.4368,0.0062,-0.2263,1.5326,-0.0124
,-0.2455,1.5039,-0.007,-0.2181,1.5221,-0.0071,-0.1914,1.539,-0.0073,-0.2551,1.5128,-0.0106,-0.2368,1.5428,-0.0072,-0.2645,1.5228,-0.0047,-0.2188,1.574,0.0044,-0.2455,1.5508,0.0068,-0.2073,1.5672,-0.0134,-0.224,1.5761,0.0258,-0.2496,1.5543,0.0246,-0.2842,1.4928,-0.0121,-0.2919,1.5035,-0.0046,-0.2742,1.4844,-0.0061,-0.3024,1.4636,-0.0053,-0.3188,1.4858,-0.006,-0.3115,1.4737,-0.0097
,-0.3318,1.443,-0.0052,-0.3504,1.4668,-0.0062,-0.3418,1.4533,-0.0108,-0.1893,1.5297,0.0416,-0.2162,1.5124,0.0407,-0.2385,1.494,0.0219,-0.2421,1.4954,0.0392,-0.2918,1.4637,0.0357,-0.2673,1.478,0.0374,-0.3127,1.4489,0.0361,-0.354,1.4767,0.0032,-0.3253,1.4952,0.0041,-0.2986,1.5113,0.0069,-0.2716,1.5301,0.0076,-0.1832,1.5873,-0.0139,-0.198,1.5538,-0.0138,-0.1686,1.5723,-0.021
,-0.1969,1.595,0.0012,-0.2011,1.5973,0.0256,-0.1975,1.5932,0.0468,-0.2226,1.5721,0.0448,-0.2134,1.5602,0.057,-0.2031,1.5467,0.0602,-0.1863,1.5825,0.0617,-0.173,1.5644,0.0649,-0.2031,1.5467,0.0602,-0.1664,1.551,0.0576,-0.1953,1.5362,0.0539,-0.0943,1.5062,-0.1377,-0.1,1.5068,-0.1338,-0.0956,1.5089,-0.1368,-0.1005,1.5119,-0.1327,-0.095,1.5151,-0.1357,-0.0991,1.5169,-0.1321
,-0.0933,1.5176,-0.1357,-0.0962,1.5211,-0.1322,-0.091,1.5195,-0.1361,-0.0924,1.5239,-0.1329,-0.0885,1.5204,-0.1368,-0.0884,1.5254,-0.134,-0.0778,1.5222,-0.138,-0.0809,1.5243,-0.1366,-0.0755,1.5191,-0.1394,-0.0742,1.5154,-0.1408,-0.0742,1.5113,-0.1419,-0.0755,1.507,-0.1426,-0.0781,1.503,-0.1426,-0.2309,1.5283,0.0584,-0.0818,1.4998,-0.1419,-0.086,1.498,-0.1405,-0.0904,1.4978,-0.1388
,-0.0909,1.4906,-0.1368,-0.0385,1.5082,0.0889,-0.0194,1.4911,0.0823,-0.042,1.4859,0.0785,-0.158,1.5443,0.0241,-0.141,1.5552,0.0041,-0.1592,1.5523,0.0057,-0.0672,1.5171,-0.1396,-0.0726,1.5267,-0.1355,-0.0937,1.5298,-0.1284,-0.1041,1.5196,-0.1267,-0.1063,1.5118,-0.1275,-0.1055,1.504,-0.1292,-0.0783,1.4937,-0.1417,-0.0728,1.4986,-0.1429,-0.0475,1.5313,-0.1274,-0.0573,1.5192,-0.1368
,-0.0431,1.5213,-0.1316,-0.0626,1.5456,-0.1198,-0.0652,1.5326,-0.1307,-0.0539,1.5395,-0.1232,-0.0928,1.5487,-0.1101,-0.0854,1.5403,-0.1229,-0.0818,1.5503,-0.114,-0.1048,1.5437,-0.1045,-0.1103,1.5241,-0.1155,-0.1029,1.5335,-0.1174,-0.3385,1.447,0.0641,-0.3331,1.4625,0.0639,-0.3438,1.4559,0.0677,-0.3153,1.4735,0.0554,-0.3288,1.4531,0.0601,-0.3023,1.4816,0.0524,-0.2827,1.4955,0.0524
,-0.2578,1.5115,0.0548,-0.2734,1.4855,0.0491,-0.2309,1.5283,0.0584,-0.2486,1.5018,0.0512,-0.2225,1.5187,0.0528,-0.2405,1.5402,0.0543,-0.2578,1.5115,0.0548,-0.2673,1.5221,0.0499,-0.2827,1.4955,0.0524,-0.2928,1.5051,0.0471,-0.3023,1.4816,0.0524,-0.3153,1.4735,0.0554,-0.3023,1.4816,0.0524,-0.3403,1.4702,0.0563,-0.3153,1.4735,0.0554,-0.3331,1.4625,0.0639,-0.3503,1.4662,0.0602
,-0.3331,1.4625,0.0639,-0.3438,1.4559,0.0677,-0.3438,1.4559,0.0677,-0.3528,1.4502,0.0694,-0.3291,1.446,0.0524,-0.3443,1.4727,0.0483,-0.3377,1.4834,0.0354,-0.3508,1.4819,0.0202,-0.3272,1.4982,0.0199,-0.2751,1.5332,0.0232,-0.3017,1.5145,0.0217,-0.248,1.5506,0.0417,-0.2739,1.5304,0.0384,-0.2997,1.5121,0.0361,-0.3207,1.4956,0.0348,-0.1211,1.5087,-0.102,-0.1138,1.5116,-0.1171
,-0.2031,1.5467,0.0602,-0.2309,1.5283,0.0584,-0.1174,1.4924,-0.1086,-0.112,1.4996,-0.1208,-0.0911,1.4814,-0.133,-0.0969,1.4928,-0.1341,-0.0991,1.4842,-0.1291,-0.0666,1.4745,-0.1375,-0.0824,1.4815,-0.1372,-0.0795,1.4709,-0.1326,-0.0535,1.4852,-0.1408,-0.0591,1.5024,-0.1424,-0.0651,1.4929,-0.1429,-0.1239,1.5018,-0.0843,-0.117,1.532,-0.0953,-0.1238,1.5262,-0.0726,-0.1187,1.4797,-0.0927
,-0.089,1.4596,-0.1195,-0.1,1.474,-0.1216,-0.0994,1.4618,-0.1121,-0.161,1.5444,0.0437,-0.0759,1.4599,-0.1256,-0.1869,1.5334,0.0071,-0.0376,1.4737,-0.1323,-0.0454,1.4985,-0.1402,-0.1621,1.5557,-0.0113,-0.0293,1.5372,-0.1179,-0.0227,1.5239,-0.1236,-0.0525,1.5537,-0.1097,-0.0398,1.5466,-0.1136,-0.0775,1.5601,-0.1026,-0.1034,1.5574,-0.0898,-0.1137,1.5515,-0.0782,-0.1002,1.57,-0.0762
,-0.1122,1.5667,-0.0654,-0.016,1.5107,0.0898,0,1.4934,0.0805,-0.1098,1.4415,-0.0065,-0.1069,1.4627,0.0148,-0.1023,1.4422,0.0167,-0.1088,1.4424,-0.0611,-0.1137,1.461,-0.0329,-0.1117,1.4418,-0.0342,-0.0778,1.429,-0.0972,-0.0898,1.4384,-0.0912,-0.0888,1.4264,-0.0867,-0.0663,1.4419,-0.1078,-0.047,1.4421,-0.1156,-0.0484,1.4473,-0.117,-0.1395,1.551,0.0465,-0.0704,1.4882,0.0654
,-0.0417,1.4667,0.0721,-0.0638,1.4625,0.062,0,1.5197,0.0859,-0.0145,1.5443,0.0961,0,1.5455,0.0911,-0.02,1.4703,0.0764,-0.013,1.4702,-0.1211,0,1.4634,-0.1194,0,1.4747,-0.1197,-0.0225,1.273,0.0793,-0.0107,1.2981,0.0698,-0.0071,1.2641,0.0784,-0.0433,1.287,0.0728,-0.029,1.3052,0.0682,-0.0024,1.2983,-0.1108,0,1.2998,-0.1095,0,1.3013,-0.1108
,-0.0029,1.2936,-0.1093,-0.001,1.2972,-0.1084,0,1.2872,-0.1075,0,1.2898,-0.1066,-0.0009,1.2883,-0.1076,-0.0106,1.3277,-0.113,0,1.3049,-0.1109,0,1.3278,-0.1118,-0.0135,1.351,-0.1143,0,1.3741,-0.1137,-0.0142,1.3734,-0.116,-0.0138,1.4079,-0.1156,0,1.3934,-0.1136,0,1.4088,-0.1134,-0.014,1.434,-0.1147,0,1.4235,-0.113,0,1.4374,-0.1145
,0,1.4472,-0.1149,-0.0132,1.4522,-0.1186,-0.0132,1.4449,-0.1169,0,1.4553,-0.1175,-0.0131,1.4605,-0.1201,-0.0268,1.4188,-0.1122,-0.0268,1.4067,-0.1132,-0.0273,1.3915,-0.1143,-0.0283,1.3729,-0.1139,-0.0223,1.3099,-0.1104,-0.0254,1.3301,-0.1112,-0.0233,1.295,-0.1087,-0.0037,1.301,-0.1119,-0.0283,1.2806,-0.1081,-0.0244,1.2628,-0.1094,-0.0169,1.2779,-0.1104,0,1.2558,-0.1094
,-0.0026,1.2733,-0.11,-0.0065,1.2563,-0.1101,-0.0091,1.2386,-0.1086,0,1.2379,-0.1082,-0.0414,1.2557,-0.1051,-0.0313,1.2475,-0.1074,-0.0403,1.2718,-0.1055,-0.0498,1.2794,-0.1021,-0.0477,1.2659,-0.1033,-0.0505,1.2956,-0.1013,-0.038,1.3131,-0.1061,-0.0517,1.314,-0.1009,-0.0549,1.3344,-0.1015,-0.0418,1.3539,-0.109,-0.0554,1.3572,-0.1031,-0.055,1.3786,-0.1044,-0.04,1.3929,-0.1109
,-0.0519,1.3968,-0.1066,-0.0463,1.4113,-0.1092,-0.0352,1.4163,-0.111,-0.0379,1.421,-0.1113,-0.0276,1.4283,-0.1132,-0.014,1.4218,-0.1146,-0.0279,1.4445,-0.1187,-0.0278,1.4365,-0.1161,-0.0277,1.4529,-0.1206,-0.0412,1.4277,-0.1119,-0.0606,1.4265,-0.1055,-0.0535,1.4175,-0.1071,-0.0444,1.4352,-0.1131,-0.0636,1.4358,-0.1062,-0.1038,1.409,-0.0531,-0.1088,1.4248,-0.0336,-0.1051,1.4093,-0.0319
,-0.0287,1.4635,-0.123,-0.0285,1.4591,-0.1216,-0.1071,1.4255,-0.0061,-0.0979,1.414,0.0158,-0.1043,1.4108,-0.0057,-0.0606,1.4425,0.0598,-0.0388,1.4294,0.0666,-0.0589,1.4264,0.0579,-0.04,1.4471,0.0689,-0.019,1.4321,0.0707,-0.0502,1.4509,-0.1194,-0.0763,1.3389,-0.0856,-0.068,1.3603,-0.0954,-0.0784,1.363,-0.0865,-0.0748,1.2905,-0.0902,-0.0638,1.3135,-0.0944,-0.0739,1.3147,-0.0863
,-0.0961,1.3697,-0.0488,-0.0985,1.351,-0.0272,-0.0953,1.3468,-0.0469,-0.0965,1.3794,-0.0064,-0.0895,1.36,0.014,-0.0955,1.3555,-0.0068,-0.0926,1.3384,0.018,-0.1115,1.3137,0.0069,-0.1044,1.3352,-0.0018,-0.0323,1.3345,0.062,-0.0475,1.3117,0.0622,-0.0502,1.3376,0.0553,-0.0348,1.362,0.06,-0.0174,1.3877,0.0655,-0.016,1.3604,0.0636,-0.0143,1.3309,0.0649,-0.0529,1.3632,0.0524
,-0.0366,1.3879,0.0618,0,1.2026,-0.1017,-0.014,1.192,-0.0968,0,1.1908,-0.0964,-0.0446,1.2143,-0.0996,-0.0656,1.2201,-0.0934,-0.0485,1.2056,-0.0955,-0.0591,1.257,-0.0999,-0.0748,1.2689,-0.0918,-0.0711,1.2479,-0.0953,-0.032,1.5407,0.0975,-0.012,1.5723,0.0959,0,1.5727,0.0933,-0.1446,1.5601,-0.0129,-0.0905,1.5595,-0.0977,-0.0726,1.5696,-0.0887,-0.0868,1.5702,-0.0838
,-0.0409,1.561,-0.098,-0.0255,1.5522,-0.1039,-0.0175,1.5381,-0.1119,-0.0112,1.5228,-0.1168,-0.0274,1.4903,-0.1332,-0.0305,1.467,-0.1266,-0.0165,1.4856,-0.1249,-0.0588,1.4623,-0.1319,-0.0712,1.4487,-0.1161,-0.0527,1.4538,-0.1251,-0.0855,1.4492,-0.1089,-0.0972,1.4523,-0.1009,-0.1217,1.4937,-0.0685,-0.117,1.4724,-0.0792,-0.1236,1.5209,-0.0531,-0.0906,1.471,-0.1272,-0.0735,1.4853,-0.1409
,-0.0846,1.4909,-0.1395,-0.0688,1.5048,-0.1428,-0.0692,1.5223,-0.1376,-0.0771,1.5298,-0.1336,-0.0938,1.5384,-0.1202,-0.0877,1.5316,-0.13,-0.0995,1.5258,-0.1271,-0.1215,1.5464,-0.0609,-0.1242,1.54,-0.0438,-0.1226,1.5615,-0.0514,-0.0279,1.5727,0.0989,-0.0634,1.5137,0.0801,-0.0555,1.5419,0.0922,-0.0516,1.5744,0.0969,-0.1067,1.4878,0.0273,-0.1161,1.5019,0.0096,-0.1146,1.506,0.0212
,-0.1008,1.4952,0.0415,-0.1128,1.5134,0.0333,-0.1181,1.5272,-0.0163,-0.1156,1.5155,-0.04,-0.1185,1.5342,-0.0313,-0.1152,1.509,-0.0221,-0.1195,1.5202,-0.0027,-0.1163,1.5035,-0.0049,-0.1208,1.5211,0.0138,-0.1194,1.5148,0.0068,-0.115,1.4848,-0.0278,-0.1153,1.4894,-0.0533,-0.1099,1.4642,-0.0696,-0.0938,1.4477,0.0334,-0.1002,1.4271,0.0158,-0.0881,1.4171,0.0322,-0.0805,1.3624,0.0294
,-0.0908,1.3826,0.0145,-0.0825,1.3845,0.0291,-0.0966,1.3171,0.0256,-0.0803,1.3397,0.0332,-0.081,1.3179,0.0406,-0.0818,1.2989,0.0508,-0.1053,1.2855,0.0453,-0.1005,1.2993,0.035,-0.1142,1.4823,-0.0056,-0.1228,1.5324,0.0036,-0.1225,1.53,0.0233,-0.1296,1.5504,-0.0026,-0.1276,1.5418,0.0122,-0.1217,1.5415,-0.0096,-0.1315,1.5573,-0.0177,-0.1067,1.4592,-0.0917,-0.1017,1.454,-0.0856
,-0.0924,1.4469,-0.0959,-0.0692,1.4455,-0.1104,-0.0123,1.4828,-0.1222,-0.0062,1.5024,-0.1193,-0.0114,1.5038,-0.123,-0.0055,1.5205,-0.1131,-0.0052,1.5361,-0.1058,-0.0119,1.5533,-0.0986,-0.0249,1.5702,-0.0864,-0.0651,1.5829,-0.0741,-0.0577,1.5667,-0.093,-0.0478,1.5789,-0.0793,-0.0805,1.5844,-0.0687,-0.0952,1.5841,-0.062,-0.127,1.5534,-0.0361,-0.1112,1.4834,0.0123,-0.0991,1.4678,0.032
,-0.1235,1.5484,-0.024,-0.141,1.5552,0.0041,-0.1446,1.5601,-0.0129,-0.1095,1.5816,-0.0537,-0.1324,1.5644,-0.0307,-0.122,1.5754,-0.0432,-0.1109,1.5229,0.0466,-0.1243,1.5384,0.0362,-0.0948,1.5047,0.0565,-0.0882,1.4758,0.0478,-0.0886,1.5233,0.0705,-0.1025,1.5537,0.0736,-0.0813,1.5476,0.0831,-0.1081,1.535,0.0609,-0.1212,1.5574,0.0656,-0.1241,1.547,0.0517,-0.1397,1.5599,0.064
